172.5
173.1
173.7
174.3
174.9
175.5
176.1
176.7
177.3
177.9
178.5
179.1
179.7
180.3
180.9
181.5
182.2
182.8
183.4
184.0
184.6
185.2
185.8
186.4
187.0
187.6
188.2
188.8
189.4
190.0
190.6
191.2
191.8
192.4
193.0
193.6
194.2
194.9
195.5
196.1
196.7
197.3
197.9
198.5
199.1
199.7
200.3
200.9
201.5
202.1
202.7
203.3
203.9
204.5
205.1
205.7
206.3
206.9
207.5
208.1
208.7
209.3
209.9
210.5
211.2
211.8
212.4
213.0
213.6
214.2
214.8
215.4
216.0
216.6
217.2
217.8
218.4
219.0
219.6
220.2
220.8
221.4
222.0
222.6
223.2
223.8
224.4
225.0
225.6
226.2
226.8
227.4
228.0
228.6
229.2
229.8
230.4
231.0
231.6
232.2
232.8
233.4
234.0
234.6
235.2
235.8
236.4
237.1
237.7
238.3
238.9
239.5
240.1
240.7
241.3
241.9
242.5
243.1
243.7
244.3
244.9
245.5
246.1
246.7
247.3
247.9
248.5
249.1
249.7
250.3
250.9
251.5
252.1
252.7
253.3
253.9
254.5
255.1
255.7
256.3
256.9
257.5
258.1
258.7
259.3
259.9
260.5
261.1
261.7
262.3
262.9
263.5
264.1
264.7
265.3
265.9
266.5
267.1
267.7
268.3
268.9
269.5
270.1
270.7
271.3
271.9
272.5
273.1
273.7
274.3
274.9
275.5
276.1
276.7
277.3
277.9
278.5
279.1
279.7
280.3
280.9
281.5
282.1
282.7
283.3
283.8
284.4
285.0
285.6
286.2
286.8
287.4
288.0
288.6
289.2
289.8
290.4
291.0
291.6
292.2
292.8
293.4
294.0
294.6
295.2
295.8
296.4
297.0
297.6
298.2
298.8
299.4
300.0
300.6
301.2
301.8
302.4
303.0
303.6
304.2
304.8
305.4
306.0
306.6
307.2
307.8
308.4
309.0
309.5
310.1
310.7
311.3
311.9
312.5
313.1
313.7
314.3
314.9
315.5
316.1
316.7
317.3
317.9
318.5
319.1
319.7
320.3
320.9
321.5
322.1
322.7
323.3
323.9
324.5
325.1
325.6
326.2
326.8
327.4
328.0
328.6
329.2
329.8
330.4
331.0
331.6
332.2
332.8
333.4
334.0
334.6
335.2
335.8
336.4
337.0
337.6
338.1
338.7
339.3
339.9
340.5
341.1
341.7
342.3
342.9
343.5
344.1
344.7
345.3
345.9
346.5
347.1
347.7
348.3
348.9
349.4
350.0
350.6
351.2
351.8
352.4
353.0
353.6
354.2
354.8
355.4
356.0
356.6
357.2
357.8
358.4
358.9
359.5
360.1
360.7
361.3
361.9
362.5
363.1
363.7
364.3
364.9
365.5
366.1
366.7
367.3
367.8
368.4
369.0
369.6
370.2
370.8
371.4
372.0
372.6
373.2
373.8
374.4
375.0
375.6
376.1
376.7
377.3
377.9
378.5
379.1
379.7
380.3
380.9
381.5
382.1
382.7
383.3
383.8
384.4
385.0
385.6
386.2
386.8
387.4
388.0
388.6
389.2
389.8
390.4
390.9
391.5
392.1
392.7
393.3
393.9
394.5
395.1
395.7
396.3
396.9
397.4
398.0
398.6
399.2
399.8
400.4
401.0
401.6
402.2
402.8
403.4
403.9
404.5
405.1
405.7
406.3
406.9
407.5
408.1
408.7
409.3
409.9
410.4
411.0
411.6
412.2
412.8
413.4
414.0
414.6
415.2
415.8
416.3
416.9
417.5
418.1
418.7
419.3
419.9
420.5
421.1
421.7
422.2
422.8
423.4
424.0
424.6
425.2
425.8
426.4
427.0
427.5
428.1
428.7
429.3
429.9
430.5
431.1
431.7
432.3
432.8
433.4
434.0
434.6
435.2
435.8
436.4
437.0
437.6
438.1
438.7
439.3
439.9
440.5
441.1
441.7
442.3
442.8
443.4
444.0
444.6
445.2
445.8
446.4
447.0
447.6
448.1
448.7
449.3
449.9
450.5
451.1
451.7
452.3
452.8
453.4
454.0
454.6
455.2
455.8
456.4
457.0
457.5
458.1
458.7
459.3
459.9
460.5
461.1
461.6
462.2
462.8
463.4
464.0
464.6
465.2
465.8
466.3
466.9
467.5
468.1
468.7
469.3
469.9
470.4
471.0
471.6
472.2
472.8
473.4
474.0
474.5
475.1
475.7
476.3
476.9
477.5
478.1
478.6
479.2
479.8
480.4
481.0
481.6
482.2
482.7
483.3
483.9
484.5
485.1
485.7
486.3
486.8
487.4
488.0
488.6
489.2
489.8
490.4
490.9
491.5
492.1
492.7
493.3
493.9
494.4
495.0
495.6
496.2
496.8
497.4
498.0
498.5
499.1
499.7
500.3
500.9
501.5
502.0
502.6
503.2
503.8
504.4
505.0
505.6
506.1
506.7
507.3
507.9
508.5
509.1
509.6
510.2
510.8
511.4
512.0
512.6
513.1
513.7
514.3
514.9
515.5
516.1
516.6
517.2
517.8
518.4
519.0
519.6
520.1
520.7
521.3
521.9
522.5
523.1
523.6
524.2
524.8
525.4
526.0
526.5
527.1
527.7
528.3
528.9
529.5
530.0
530.6
531.2
531.8
532.4
533.0
533.5
534.1
534.7
535.3
535.9
536.4
537.0
537.6
538.2
538.8
539.4
539.9
540.5
541.1
541.7
542.3
542.8
543.4
544.0
544.6
545.2
545.8
546.3
546.9
547.5
548.1
548.7
549.2
549.8
550.4
551.0
551.6
552.1
552.7
553.3
553.9
554.5
555.0
555.6
556.2
556.8
557.4
557.9
558.5
559.1
559.7
560.3
560.9
561.4
562.0
562.6
563.2
563.8
564.3
564.9
565.5
566.1
566.7
567.2
567.8
568.4
569.0
569.6
570.1
570.7
571.3
571.9
572.4
573.0
573.6
574.2
574.8
575.3
575.9
576.5
577.1
577.7
578.2
578.8
579.4
580.0
580.6
581.1
581.7
582.3
582.9
583.5
584.0
584.6
585.2
585.8
586.3
586.9
587.5
588.1
588.7
589.2
589.8
590.4
591.0
591.6
592.1
592.7
593.3
593.9
594.4
595.0
595.6
596.2
596.8
597.3
597.9
598.5
599.1
599.6
600.2
600.8
601.4
602.0
602.5
603.1
603.7
604.3
604.8
605.4
606.0
606.6
607.1
607.7
608.3
608.9
609.5
610.0
610.6
611.2
611.8
612.3
612.9
613.5
614.1
614.6
615.2
615.8
616.4
617.0
617.5
618.1
618.7
619.3
619.8
620.4
621.0
621.6
622.1
622.7
623.3
623.9
624.4
625.0
625.6
626.2
626.7
627.3
627.9
628.5
629.1
629.6
630.2
630.8
631.4
631.9
632.5
633.1
633.7
634.2
634.8
635.4
636.0
636.5
637.1
637.7
638.3
638.8
639.4
640.0
640.6
641.1
641.7
642.3
642.9
643.4
644.0
644.6
645.2
645.7
646.3
646.9
647.5
648.0
648.6
649.2
649.8
650.3
650.9
651.5
652.0
652.6
653.2
653.8
654.3
654.9
655.5
656.1
656.6
657.2
657.8
658.4
658.9
659.5
660.1
660.7
661.2
661.8
662.4
663.0
663.5
664.1
664.7
665.2
665.8
666.4
667.0
667.5
668.1
668.7
669.3
669.8
670.4
671.0
671.5
672.1
672.7
673.3
673.8
674.4
675.0
675.6
676.1
676.7
677.3
677.8
678.4
679.0
679.6
680.1
680.7
681.3
681.9
682.4
683.0
683.6
684.1
684.7
685.3
685.9
686.4
687.0
687.6
688.1
688.7
689.3
689.9
690.4
691.0
691.6
692.1
692.7
693.3
693.9
694.4
695.0
695.6
696.1
696.7
697.3
697.9
698.4
699.0
699.6
700.1
700.7
701.3
701.9
702.4
703.0
703.6
704.1
704.7
705.3
705.8
706.4
707.0
707.6
708.1
708.7
709.3
709.8
710.4
711.0
711.6
712.1
712.7
713.3
713.8
714.4
715.0
715.5
716.1
716.7
717.2
717.8
718.4
719.0
719.5
720.1
720.7
721.2
721.8
722.4
722.9
723.5
724.1
724.7
725.2
725.8
726.4
726.9
727.5
728.1
728.6
729.2
729.8
730.3
730.9
731.5
732.0
732.6
733.2
733.8
734.3
734.9
735.5
736.0
736.6
737.2
737.7
738.3
738.9
739.4
740.0
740.6
741.1
741.7
742.3
742.8
743.4
744.0
744.6
745.1
745.7
746.3
746.8
747.4
748.0
748.5
749.1
749.7
750.2
750.8
751.4
751.9
752.5
753.1
753.6
754.2
754.8
755.3
755.9
756.5
757.0
757.6
758.2
758.7
759.3
759.9
760.4
761.0
761.6
762.1
762.7
763.3
763.8
764.4
765.0
765.5
766.1
766.7
767.2
767.8
768.4
768.9
769.5
770.1
770.6
771.2
771.8
772.3
772.9
773.5
774.0
774.6
775.2
775.7
776.3
776.9
777.4
778.0
778.6
779.1
779.7
780.3
780.8
781.4
781.9
782.5
783.1
783.6
784.2
784.8
785.3
785.9
786.5
787.0
787.6
788.2
788.7
789.3
789.9
790.4
791.0
791.6
792.1
792.7
793.2
793.8
794.4
794.9
795.5
796.1
796.6
797.2
797.8
798.3
798.9
799.5
800.0
800.6
801.1
801.7
802.3
802.8
803.4
804.0
804.5
805.1
805.7
806.2
806.8
807.3
807.9
808.5
809.0
809.6
810.2
810.7
811.3
811.9
812.4
813.0
813.5
814.1
814.7
815.2
815.8
816.4
816.9
817.5
818.0
818.6
819.2
819.7
820.3
820.9
821.4
822.0
822.5
823.1
823.7
824.2
824.8
825.4
825.9
826.5
827.0
827.6
828.2
828.7
829.3
829.9
830.4
831.0
831.5
832.1
832.7
833.2
833.8
834.4
834.9
835.5
836.0
836.6
837.2
837.7
838.3
838.8
839.4
840.0
840.5
841.1
841.7
842.2
842.8
843.3
843.9
844.5
845.0
845.6
846.1
846.7
847.3
847.8
848.4
848.9
849.5
850.1
850.6
851.2
851.7
852.3
852.9
853.4
854.0
854.5
855.1
855.7
856.2
856.8
857.4
857.9
858.5
859.0
859.6
860.2
860.7
861.3
861.8
862.4
862.9
863.5
864.1
864.6
865.2
865.7
866.3
866.9
867.4
868.0
868.5
869.1
869.7
870.2
870.8
871.3
871.9
872.5
873.0
873.6
874.1
874.7
875.3
875.8
876.4
876.9
877.5
878.0
878.6
879.2
879.7
880.3
880.8
881.4
882.0
882.5
883.1
883.6
884.2
884.7
885.3
885.9
886.4
887.0
887.5
888.1
888.7
889.2
889.8
890.3
890.9
891.4
892.0
892.6
893.1
893.7
894.2
894.8
895.3
895.9
896.5
897.0
897.6
898.1
898.7
899.3
899.8
900.4
900.9
901.5
902.0
902.6
903.1
903.7
904.3
904.8
905.4
905.9
906.5
907.0
907.6
908.2
908.7
909.3
909.8
910.4
910.9
911.5
912.1
912.6
913.2
913.7
914.3
914.8
915.4
915.9
916.5
917.1
917.6
918.2
918.7
919.3
919.8
920.4
921.0
921.5
922.1
922.6
923.2
923.7
924.3
924.8
925.4
926.0
926.5
927.1
927.6
928.2
928.7
929.3
929.8
930.4
930.9
931.5
932.1
932.6
933.2
933.7
934.3
934.8
935.4
935.9
936.5
937.1
937.6
938.2
938.7
939.3
939.8
940.4
940.9
941.5
942.0
942.6
943.1
943.7
944.3
944.8
945.4
945.9
946.5
947.0
947.6
948.1
948.7
949.2
949.8
950.4
950.9
951.5
952.0
952.6
953.1
953.7
954.2
954.8
955.3
955.9
956.4
957.0
957.5
958.1
958.7
959.2
959.8
960.3
960.9
961.4
962.0
962.5
963.1
963.6
964.2
964.7
965.3
965.8
966.4
966.9
967.5
968.0
968.6
969.2
969.7
970.3
970.8
971.4
971.9
972.5
973.0
973.6
974.1
974.7
975.2
975.8
976.3
976.9
977.4
978.0
978.5
979.1
979.6
980.2
980.7
981.3
981.8
982.4
982.9
983.5
984.1
984.6
985.2
985.7
986.3
986.8
987.4
987.9
988.5
989.0
989.6
990.1
990.7
991.2
991.8
992.3
992.9
993.4
994.0
994.5
995.1
995.6
996.2
996.7
997.3
997.8
998.4
998.9
999.5
1000.0
1000.6
1001.1
1001.7
1002.2
1002.8
1003.3
1003.9
1004.4
1005.0
1005.5
1006.1
1006.6
1007.2
1007.7
1008.3
1008.8
1009.4
1009.9
1010.5
1011.0
1011.6
1012.1
1012.7
1013.2
1013.8
1014.3
1014.9
1015.4
1016.0
1016.5
1017.1
1017.6
1018.2
1018.7
1019.3
1019.8
1020.4
1020.9
1021.4
1022.0
1022.5
1023.1
1023.6
1024.2
1024.7
1025.3
1025.8
1026.4
1026.9
1027.5
1028.0
1028.6
1029.1
1029.7
1030.2
1030.8
1031.3
1031.9
1032.4
1033.0
1033.5
1034.1
1034.6
1035.2
1035.7
1036.2
1036.8
1037.3
1037.9
1038.4
1039.0
1039.5
1040.1
1040.6
1041.2
1041.7
1042.3
1042.8
1043.4
1043.9
1044.5
1045.0
1045.6
1046.1
1046.6
1047.2
1047.7
1048.3
1048.8
1049.4
1049.9
1050.5
1051.0
1051.6
1052.1
1052.7
1053.2
1053.8
1054.3
1054.8
1055.4
1055.9
1056.5
1057.0
1057.6
1058.1
1058.7
1059.2
1059.8
1060.3
1060.9
1061.4
1061.9
1062.5
1063.0
1063.6
1064.1
1064.7
1065.2
1065.8
1066.3
1066.9
1067.4
1067.9
1068.5
1069.0
1069.6
1070.1
1070.7
1071.2
1071.8
1072.3
1072.9
1073.4
1073.9
1074.5
1075.0
1075.6
1076.1
1076.7
1077.2
1077.8
1078.3
1078.8
1079.4
1079.9
1080.5
1081.0
1081.6
1082.1
1082.7
1083.2
1083.7
1084.3
1084.8
1085.4
1085.9
1086.5
1087.0
1087.6
1088.1
1088.6
1089.2
1089.7
1090.3
1090.8
1091.4
1091.9
1092.4
1093.0
1093.5
1094.1
1094.6
1095.2
1095.7
1096.3
1096.8
1097.3
1097.9
1098.4
1099.0
1099.5
1100.1
1100.6
1101.1
1101.7
1102.2
1102.8
1103.3
1103.9
1104.4
1104.9
1105.5
1106.0
1106.6
1107.1
1107.7
1108.2
1108.7
1109.3
1109.8
1110.4
1110.9
1111.4
1112.0
1112.5
1113.1
1113.6
1114.2
1114.7
1115.2
1115.8
1116.3
1116.9
1117.4
1118.0
1118.5
1119.0
1119.6
1120.1
1120.7
1121.2
1121.7
1122.3
1122.8
1123.4
1123.9
1124.5
1125.0
1125.5
1126.1
1126.6
1127.2
1127.7
1128.2
1128.8
1129.3
1129.9
1130.4
1130.9
1131.5
1132.0
1132.6
1133.1
1133.6
1134.2
1134.7
1135.3
1135.8
1136.4
1136.9
1137.4
1138.0
1138.5
1139.1
1139.6
1140.1
1140.7
1141.2
1141.8
1142.3
1142.8
1143.4
1143.9
1144.5
1145.0
1145.5
1146.1
1146.6
1147.2
1147.7
1148.2
1148.8
1149.3
1149.9
1150.4
1150.9
1151.5
1152.0
1152.5
1153.1
1153.6
1154.2
1154.7
1155.2
1155.8
1156.3
1156.9
1157.4
1157.9
1158.5
1159.0
1159.6
1160.1
1160.6
1161.2
1161.7
1162.3
1162.8
1163.3
1163.9
1164.4
1164.9
1165.5
1166.0
1166.6
1167.1
1167.6
1168.2
1168.7
1169.2
1169.8
1170.3
1170.9
1171.4
1171.9
1172.5
1173.0
1173.6
1174.1
1174.6
1175.2
1175.7
1176.2
1176.8
1177.3
1177.9
1178.4
1178.9
1179.5
1180.0
1180.5
1181.1
1181.6
1182.2
1182.7
1183.2
1183.8
1184.3
1184.8
1185.4
1185.9
1186.4
1187.0
1187.5
1188.1
1188.6
1189.1
1189.7
1190.2
1190.7
1191.3
1191.8
1192.4
1192.9
1193.4
1194.0
1194.5
1195.0
1195.6
1196.1
1196.6
1197.2
1197.7
1198.3
1198.8
1199.3
1199.9
1200.4
1200.9
1201.5
1202.0
1202.5
1203.1
1203.6
1204.1
1204.7
1205.2
1205.8
1206.3
1206.8
1207.4
1207.9
1208.4
1209.0
1209.5
1210.0
1210.6
1211.1
1211.6
1212.2
1212.7
1213.2
1213.8
1214.3
1214.8
1215.4
1215.9
1216.5
1217.0
1217.5
1218.1
1218.6
1219.1
1219.7
1220.2
1220.7
1221.3
1221.8
1222.3
1222.9
1223.4
1223.9
1224.5
1225.0
1225.5
1226.1
1226.6
1227.1
1227.7
1228.2
1228.7
1229.3
1229.8
1230.3
1230.9
1231.4
1231.9
1232.5
1233.0
1233.5
1234.1
1234.6
1235.1
1235.7
1236.2
1236.7
1237.3
1237.8
1238.3
1238.9
1239.4
1239.9
1240.5
1241.0
1241.5
1242.1
1242.6
1243.1
1243.7
1244.2
1244.7
1245.3
1245.8
1246.3
1246.9
1247.4
1247.9
1248.5
1249.0
1249.5
1250.1
1250.6
1251.1
1251.7
1252.2
1252.7
1253.3
1253.8
1254.3
1254.9
1255.4
1255.9
1256.4
1257.0
1257.5
1258.0
1258.6
1259.1
1259.6
1260.2
1260.7
1261.2
1261.8
1262.3
1262.8
1263.4
1263.9
1264.4
1265.0
1265.5
1266.0
1266.5
1267.1
1267.6
1268.1
1268.7
1269.2
1269.7
1270.3
1270.8
1271.3
1271.9
1272.4
1272.9
1273.4
1274.0
1274.5
1275.0
1275.6
1276.1
1276.6
1277.2
1277.7
1278.2
1278.7
1279.3
1279.8
1280.3
1280.9
1281.4
1281.9
1282.5
1283.0
1283.5
1284.0
1284.6
1285.1
1285.6
1286.2
1286.7
1287.2
1287.8
1288.3
1288.8
1289.3
1289.9
1290.4
1290.9
1291.5
1292.0
1292.5
1293.0
1293.6
1294.1
1294.6
1295.2
1295.7
1296.2
1296.8
1297.3
1297.8
1298.3
1298.9
1299.4
1299.9
1300.5
1301.0
1301.5
1302.0
1302.6
1303.1
1303.6
1304.2
1304.7
1305.2
1305.7
1306.3
1306.8
1307.3
1307.8
1308.4
1308.9
1309.4
1310.0
1310.5
1311.0
1311.5
1312.1
1312.6
1313.1
1313.7
1314.2
1314.7
1315.2
1315.8
1316.3
1316.8
1317.3
1317.9
1318.4
1318.9
1319.5
1320.0
1320.5
1321.0
1321.6
1322.1
1322.6
1323.1
1323.7
1324.2
1324.7
1325.3
1325.8
1326.3
1326.8
1327.4
1327.9
1328.4
1328.9
1329.5
1330.0
1330.5
1331.0
