0.0
213.4
214.5
214.7
214.2
213.8
213.8
213.8
213.8
213.9
213.9
213.9
214.2
214.4
214.4
214.4
214.4
214.2
214.2
214.0
214.1
214.0
214.0
214.0
213.9
213.8
213.9
213.9
214.1
214.1
214.1
214.1
213.9
214.1
214.2
214.1
214.0
214.0
213.9
213.9
213.9
214.0
213.8
214.0
214.0
214.1
214.0
214.0
213.9
214.0
214.0
214.0
214.0
214.0
214.0
214.0
214.0
214.0
213.9
214.0
214.0
214.1
214.0
214.2
214.4
214.5
214.7
214.9
214.9
215.0
215.1
215.2
215.3
215.2
215.3
215.3
215.4
215.3
215.3
215.3
215.2
215.2
215.2
215.1
215.0
214.9
215.0
215.1
215.0
215.0
214.9
215.1
215.1
215.0
214.9
215.0
214.8
214.7
214.7
214.6
214.5
214.6
214.8
214.9
215.0
215.0
215.1
215.4
215.6
215.8
215.8
215.6
215.7
215.7
215.8
215.9
215.6
215.5
215.3
215.4
215.4
215.3
215.4
215.2
215.2
215.3
215.4
215.4
215.3
215.4
215.3
215.2
215.3
215.3
215.5
215.5
215.7
215.8
215.8
216.0
215.9
215.9
216.0
216.0
216.3
216.1
216.2
216.1
216.1
216.3
216.5
216.3
216.1
216.0
216.0
215.9
216.1
215.9
216.0
216.0
216.1
216.3
216.4
216.6
216.5
216.5
216.7
216.6
216.7
216.7
216.6
216.6
216.6
216.8
217.0
216.9
217.1
217.1
217.0
217.2
217.3
217.4
217.4
217.4
217.5
217.4
217.5
217.8
217.8
217.7
217.8
217.7
217.6
217.6
217.6
217.6
217.6
217.6
217.7
217.7
217.7
217.8
218.0
218.1
218.1
218.1
218.2
218.4
218.4
218.5
218.8
218.7
218.7
218.8
218.8
218.6
218.6
218.7
218.7
218.6
218.6
218.8
218.9
219.2
219.3
219.6
219.7
219.7
219.7
219.8
219.8
219.8
219.6
219.7
219.5
219.5
219.5
219.6
219.6
219.6
219.7
219.8
219.8
220.0
220.0
220.0
220.1
220.2
220.2
220.1
220.1
220.0
220.0
220.0
220.1
220.1
220.1
220.1
220.3
220.2
220.2
220.4
220.4
220.4
220.5
220.4
220.6
220.5
220.5
220.7
220.6
220.6
220.8
221.0
220.9
220.9
220.8
221.1
221.1
221.0
221.1
221.1
221.0
221.0
221.1
221.3
221.3
221.3
221.5
221.5
221.5
221.5
221.8
221.9
221.9
221.8
222.0
222.0
222.1
222.1
222.2
222.1
222.0
222.1
222.3
222.2
222.2
222.2
222.3
222.5
222.6
222.8
223.0
223.0
223.0
223.2
223.2
223.2
223.2
223.4
223.4
223.4
223.6
223.8
223.9
224.2
224.3
224.5
224.6
224.7
224.9
224.9
225.0
225.1
225.1
225.2
225.2
225.3
225.4
225.6
225.8
226.1
226.1
226.3
226.6
226.7
226.9
227.0
227.2
227.3
227.3
227.6
228.0
228.0
228.3
228.5
228.6
228.5
228.5
228.8
229.0
228.8
229.0
228.9
229.0
229.1
229.4
229.7
229.8
229.9
230.2
230.3
230.6
230.7
230.8
230.9
231.1
231.2
231.5
231.5
231.7
231.9
231.9
232.2
232.4
232.6
232.8
232.8
232.8
232.8
232.8
232.9
232.9
233.1
233.1
233.3
233.4
233.5
233.8
234.0
234.2
234.5
234.7
234.7
234.8
234.9
235.3
235.5
235.6
235.9
236.1
236.2
236.6
236.8
237.2
237.4
237.6
237.6
237.9
238.0
238.3
238.2
238.4
238.6
238.8
239.0
239.4
239.6
240.0
240.2
240.5
240.7
240.8
240.9
241.2
241.4
241.3
241.4
241.6
242.0
242.1
242.4
242.6
242.7
242.7
243.0
243.2
243.4
243.5
243.8
244.0
244.2
244.4
244.8
245.1
245.4
245.7
245.9
245.9
246.1
246.6
247.0
247.2
247.3
247.5
247.7
247.9
248.4
248.7
248.8
249.1
249.5
249.9
250.2
250.5
250.8
251.2
251.4
251.6
251.8
252.1
252.5
252.8
253.3
253.6
254.0
254.4
254.9
255.3
255.7
256.0
256.3
256.7
257.2
257.5
258.0
258.1
258.5
258.6
259.2
259.6
259.7
260.0
260.2
260.5
261.1
261.6
262.0
262.1
262.3
262.7
263.1
263.5
264.1
264.3
264.7
265.1
265.5
265.9
266.1
266.6
267.0
267.3
267.7
267.9
268.5
269.1
269.5
270.2
270.6
271.0
271.4
272.0
272.6
273.0
273.5
274.2
274.4
275.0
275.6
276.0
276.5
277.0
277.5
278.2
278.7
279.6
280.2
280.8
281.5
282.0
282.7
283.3
283.8
284.3
284.8
285.1
285.2
285.3
285.5
285.4
285.2
285.1
285.1
285.0
285.0
285.4
285.5
286.0
286.3
286.9
287.3
287.2
286.7
285.9
284.2
282.2
279.9
277.8
276.0
274.2
273.1
272.6
272.9
274.1
276.0
278.2
280.3
282.3
284.4
286.3
288.0
289.3
290.6
291.7
292.7
293.6
294.5
295.1
295.4
296.1
296.8
297.7
298.2
298.5
299.1
299.6
300.1
301.0
301.4
301.9
302.2
302.7
303.4
303.8
304.4
304.8
305.2
305.7
306.5
306.8
307.3
307.8
308.3
308.6
309.0
309.6
310.2
310.4
310.8
311.2
311.7
312.3
312.6
313.1
313.4
313.9
314.3
314.6
315.0
315.4
315.9
316.7
317.3
318.0
318.4
318.8
319.5
319.8
320.3
320.5
320.8
321.2
321.5
321.9
322.4
322.7
323.3
323.9
324.2
324.6
324.8
325.2
325.4
325.6
325.7
325.7
325.8
326.2
326.5
327.0
327.5
328.4
329.1
329.9
331.1
332.0
332.6
333.3
334.0
334.6
335.0
335.3
335.7
335.9
336.5
336.9
337.1
337.6
338.0
338.4
339.0
339.5
340.1
340.0
340.5
341.1
341.6
342.0
342.7
343.1
343.5
343.9
344.7
345.3
345.9
346.0
346.5
347.0
347.8
348.3
348.9
349.2
349.5
349.9
350.6
351.0
351.2
351.6
352.0
352.4
352.9
353.1
353.5
353.5
353.9
354.1
354.2
354.5
354.9
355.4
355.9
356.4
357.2
357.7
358.3
358.8
359.2
359.5
360.0
360.3
360.6
360.5
360.6
360.9
361.1
361.5
361.9
362.1
362.4
362.6
363.1
363.3
363.9
364.2
364.6
364.7
365.1
365.2
365.7
366.1
366.6
366.9
367.2
367.4
367.7
367.8
368.2
368.4
368.5
368.6
368.8
369.1
369.2
369.3
369.8
370.2
370.4
370.6
370.9
371.0
371.3
371.4
371.7
371.6
371.4
371.7
371.8
372.0
372.4
372.3
372.7
372.9
373.2
373.5
373.4
373.9
374.1
374.0
374.3
374.3
374.1
374.5
374.7
375.1
375.2
375.2
375.3
375.7
376.1
376.5
376.5
376.5
376.6
376.7
376.8
376.9
376.6
376.8
376.8
376.8
377.2
377.4
377.2
377.5
377.6
377.7
377.7
377.7
377.6
377.8
377.8
378.1
377.9
377.9
378.3
378.0
378.1
378.2
378.1
377.8
377.8
377.9
378.0
377.8
378.1
378.2
378.3
378.3
378.5
378.9
379.0
378.9
378.9
378.8
378.7
378.6
378.6
378.5
378.0
377.7
377.5
377.4
377.4
377.1
377.2
377.2
377.4
377.5
378.1
378.6
379.0
379.4
379.8
379.7
380.0
379.9
380.0
379.8
379.6
379.4
379.0
379.0
379.3
379.0
378.8
378.9
378.8
378.8
378.8
378.7
378.3
377.9
377.8
377.8
377.1
376.7
376.4
376.0
375.3
374.9
374.6
374.5
373.7
373.7
373.4
373.0
372.7
372.6
372.4
371.9
371.4
371.2
370.4
369.7
369.1
368.5
367.9
367.4
366.6
366.0
365.5
365.2
364.7
363.8
363.0
362.1
361.5
360.8
359.9
358.7
357.9
356.8
356.1
355.2
354.2
352.8
351.7
350.7
349.7
348.6
347.6
346.5
345.2
344.2
343.2
342.3
341.0
339.8
338.5
337.3
336.2
335.0
333.8
332.6
330.8
329.6
328.2
327.0
325.5
324.0
322.7
321.4
320.1
318.8
317.3
315.9
314.5
313.4
312.3
310.8
309.3
307.9
306.8
305.6
304.2
302.8
301.1
299.5
298.4
296.9
295.5
294.1
292.9
291.5
290.4
289.3
287.9
286.5
285.3
284.0
282.8
281.1
279.9
278.5
277.2
275.9
274.8
273.7
272.5
271.3
270.5
269.5
268.6
267.6
266.6
265.6
264.5
263.5
262.4
261.6
260.6
259.6
258.7
258.0
257.1
256.3
255.5
254.8
253.9
253.1
252.5
251.7
250.8
250.2
249.7
249.0
248.4
247.8
247.1
246.5
245.9
245.5
244.8
244.1
243.6
243.3
242.6
242.4
241.9
241.5
241.0
240.7
240.3
240.0
239.4
239.3
238.9
238.7
238.5
238.3
238.0
237.8
237.7
237.5
237.2
237.0
236.7
236.5
236.4
236.3
236.3
236.1
236.1
235.9
235.6
235.6
235.6
235.4
235.2
235.1
234.9
234.7
234.7
234.9
234.7
234.8
235.0
235.0
235.0
235.1
235.3
235.1
235.1
235.4
235.3
235.3
235.3
235.5
235.4
235.4
235.6
235.7
235.7
235.8
235.7
236.0
236.3
236.5
236.7
237.0
237.2
237.3
237.5
237.9
238.1
238.4
238.6
238.9
239.6
239.8
240.2
240.6
240.9
241.4
241.8
242.4
242.8
243.1
243.8
244.3
244.9
245.7
246.3
246.9
247.2
248.0
248.6
249.1
250.1
250.3
250.6
251.2
251.9
252.7
253.4
254.1
254.7
255.2
256.6
257.7
258.5
259.3
260.6
261.5
262.7
264.1
265.1
266.0
267.2
268.3
269.3
270.2
271.5
272.6
274.0
275.5
277.0
278.2
279.5
281.3
282.8
284.3
286.4
287.8
289.8
291.7
294.0
296.2
297.9
300.2
302.2
304.0
306.5
308.7
311.5
313.5
315.7
318.6
321.0
323.9
326.3
329.1
331.3
332.6
335.0
336.6
337.9
339.7
340.9
341.8
342.3
343.2
345.4
345.8
347.2
348.6
349.9
350.0
350.6
351.5
351.8
351.1
351.6
351.2
351.3
350.4
351.2
351.4
351.3
351.1
351.4
350.2
350.1
348.9
347.5
345.9
344.2
342.2
340.7
338.5
337.0
335.4
333.4
332.0
330.6
329.7
328.3
326.8
325.7
325.1
323.1
322.1
320.6
318.7
316.7
315.1
313.3
311.3
309.1
307.8
305.7
304.6
303.4
302.0
300.4
298.4
297.0
295.1
293.0
291.5
288.9
286.4
283.8
281.5
279.5
277.1
275.4
273.6
271.6
270.1
268.6
267.1
265.9
264.5
263.1
261.4
259.8
258.3
256.6
255.0
253.8
252.0
250.8
249.6
248.7
247.8
247.0
246.4
245.8
245.3
244.8
243.9
243.2
242.3
241.4
240.4
239.3
238.4
237.4
236.7
235.8
235.2
234.3
233.7
233.0
232.3
231.5
230.7
230.0
229.2
228.3
227.9
227.1
226.6
226.0
225.7
225.3
224.8
224.4
224.2
223.7
223.2
222.9
222.6
222.3
222.0
221.8
221.7
221.5
221.2
221.2
221.0
220.9
220.7
220.5
220.3
220.1
219.9
219.8
219.6
219.5
219.3
219.3
219.3
219.2
219.1
219.1
219.1
219.1
219.1
219.0
219.0
218.9
218.8
218.9
218.7
218.6
218.6
218.5
218.5
218.3
218.4
218.5
218.5
218.7
218.6
218.5
218.5
218.6
218.7
218.6
218.7
218.7
218.6
218.8
218.9
218.9
218.9
218.9
218.9
218.8
218.7
218.7
218.5
218.6
218.7
218.9
219.1
219.2
219.1
219.2
219.2
219.2
219.1
218.9
218.6
218.4
218.4
218.4
218.4
218.3
218.5
218.7
218.7
218.8
218.9
218.7
218.9
219.0
219.0
219.0
219.0
219.1
219.1
219.0
219.2
219.1
219.2
219.1
218.9
218.7
218.8
218.7
218.7
218.8
218.8
218.6
218.7
218.7
218.7
218.5
218.5
218.5
218.4
218.4
218.4
218.3
218.4
218.5
218.6
218.7
218.6
218.7
218.8
218.8
218.9
218.8
218.9
218.9
219.1
219.0
219.0
219.0
218.9
219.1
219.2
219.0
219.0
218.7
218.7
218.6
218.5
218.6
218.5
218.6
218.6
218.6
218.7
218.8
218.8
218.9
218.7
218.8
218.7
218.8
218.7
218.8
219.1
219.1
219.1
219.2
219.0
219.0
218.9
219.0
219.1
219.0
218.9
218.9
219.0
219.2
219.1
219.2
219.0
218.8
218.6
218.6
218.5
218.3
218.3
218.4
218.4
218.7
218.7
218.9
219.0
219.0
219.2
219.3
219.2
219.1
218.9
219.0
218.9
218.7
218.9
218.8
218.7
218.8
219.0
219.2
219.2
219.3
219.3
219.3
219.2
219.3
218.9
218.9
218.8
218.9
218.9
218.9
218.9
219.0
219.0
219.3
219.4
219.3
219.3
219.4
219.3
219.1
219.1
219.0
218.9
218.7
218.8
218.6
218.7
218.8
218.8
218.9
219.0
219.0
219.1
219.1
219.2
219.1
219.2
219.5
219.4
219.5
219.4
219.3
219.3
219.2
219.3
219.3
219.2
219.2
219.1
219.3
219.4
219.3
219.2
219.1
219.1
219.1
219.1
219.1
218.9
218.9
218.9
218.9
218.9
218.7
218.7
218.9
218.9
219.2
219.3
219.5
219.7
219.7
220.0
219.9
219.7
219.7
219.7
219.6
219.5
219.4
219.5
219.4
219.5
219.5
219.7
219.5
219.4
219.4
219.5
219.4
219.4
219.2
219.3
219.1
219.1
219.2
219.2
219.2
219.3
219.2
219.3
219.3
219.6
219.6
219.8
219.7
219.6
219.5
219.6
219.6
219.8
219.6
219.5
219.5
219.5
219.4
219.4
219.4
219.4
219.2
219.2
219.4
219.3
219.5
219.6
219.7
219.8
219.7
219.7
219.7
219.6
219.6
219.6
219.6
219.6
219.6
219.6
219.7
219.6
219.7
219.7
219.5
219.7
219.7
219.6
219.7
219.7
219.8
219.7
219.8
220.0
219.9
219.9
219.8
219.8
219.6
219.5
219.7
219.6
219.5
219.4
219.5
219.6
219.7
219.8
219.7
219.8
219.9
219.9
220.0
219.9
219.9
219.8
219.8
219.9
219.8
219.8
219.7
219.7
219.9
219.9
220.0
220.1
220.2
220.3
220.2
220.2
220.2
220.1
220.2
220.1
220.0
219.9
220.0
220.0
220.1
220.2
220.1
220.0
219.9
219.8
219.7
219.6
219.5
219.3
219.2
219.4
219.4
219.5
219.6
219.7
219.8
219.8
219.9
219.9
219.8
219.6
219.5
219.6
219.6
219.5
219.6
219.7
219.8
219.9
220.3
220.3
220.3
220.4
220.5
220.5
220.6
220.5
220.5
220.4
220.3
220.3
220.3
220.4
220.4
220.2
220.2
220.2
220.1
220.2
220.2
220.1
219.9
220.0
220.1
220.0
220.1
220.3
220.4
220.3
220.5
220.5
220.5
220.4
220.5
220.4
220.4
220.4
220.5
220.5
220.7
220.6
220.7
220.7
220.6
220.5
220.5
220.5
220.3
220.2
220.2
220.2
220.1
220.1
220.1
220.1
220.0
220.2
220.2
220.2
220.2
220.2
220.4
220.5
220.5
220.6
220.5
220.6
220.5
220.7
220.6
220.5
220.4
220.3
220.2
220.2
220.1
220.1
220.0
220.0
220.0
220.0
220.1
220.3
220.3
220.3
220.4
220.3
220.3
220.3
220.5
220.5
220.5
220.4
220.4
220.2
220.2
220.3
220.4
220.4
220.5
220.3
220.4
220.4
220.5
220.7
220.7
220.6
220.5
220.4
220.5
220.4
220.5
220.5
220.5
220.5
220.3
220.3
220.4
220.5
220.5
220.6
220.7
220.7
220.9
221.1
221.1
221.1
221.1
221.2
221.0
220.8
220.6
220.5
220.3
220.3
220.3
220.3
220.3
220.4
220.3
220.5
220.4
220.5
220.6
220.4
220.4
220.1
220.3
220.4
220.4
220.6
220.5
220.4
220.5
220.5
220.6
220.6
220.4
220.5
220.5
220.5
220.7
220.7
220.8
220.8
220.6
220.8
220.9
220.9
220.8
220.8
220.9
220.9
220.9
221.1
221.0
220.9
221.0
220.9
221.0
221.0
221.0
221.0
221.1
221.0
221.0
221.1
221.1
221.0
221.0
221.0
221.0
220.9
221.0
220.9
220.8
220.8
220.8
220.8
220.7
220.7
220.8
221.0
221.0
221.0
221.2
221.2
221.2
221.2
221.3
221.3
221.1
221.2
221.3
221.1
221.2
221.1
221.1
221.0
221.0
221.1
221.0
221.1
221.1
221.1
221.1
221.2
221.3
221.2
221.0
220.9
220.9
220.9
220.8
220.9
220.9
221.0
221.0
221.0
221.1
221.1
221.1
221.3
221.2
221.3
221.2
221.2
221.2
221.3
221.2
221.1
221.1
221.2
221.1
221.1
221.2
221.1
221.0
221.3
221.3
221.4
221.1
221.2
221.2
221.2
221.3
221.4
221.2
221.2
221.1
221.3
221.4
221.3
221.5
221.5
221.4
221.4
221.3
221.3
221.3
221.4
221.4
221.2
221.2
221.3
221.6
221.6
221.5
221.6
221.4
221.4
221.4
221.4
221.4
221.2
221.2
221.3
221.3
221.3
221.3
221.3
221.4
221.4
221.5
221.5
222.1
222.2
221.4
221.2
