172.5
173.1
173.7
174.3
174.9
175.5
176.1
176.7
177.3
177.9
178.5
179.1
179.7
180.3
180.9
181.5
182.2
182.8
183.4
184.0
184.6
185.2
185.8
186.4
187.0
187.6
188.2
188.8
189.4
190.0
190.6
191.2
191.8
192.4
193.0
193.6
194.2
194.9
195.5
196.1
196.7
197.3
197.9
198.5
199.1
199.7
200.3
200.9
201.5
202.1
202.7
203.3
203.9
204.5
205.1
205.7
206.3
206.9
207.5
208.1
208.7
209.3
209.9
210.5
211.2
211.8
212.4
213.0
213.6
214.2
214.8
215.4
216.0
216.6
217.2
217.8
218.4
219.0
219.6
220.2
220.8
221.4
222.0
222.6
223.2
223.8
224.4
225.0
225.6
226.2
226.8
227.4
228.0
228.6
229.2
229.8
230.4
231.0
231.6
232.2
232.8
233.4
234.0
234.6
235.2
235.8
236.4
237.1
237.7
238.3
238.9
239.5
240.1
240.7
241.3
241.9
242.5
243.1
243.7
244.3
244.9
245.5
246.1
246.7
247.3
247.9
248.5
249.1
249.7
250.3
250.9
251.5
252.1
252.7
253.3
253.9
254.5
255.1
255.7
256.3
256.9
257.5
258.1
258.7
259.3
259.9
260.5
261.1
261.7
262.3
262.9
263.5
264.1
264.7
265.3
265.9
266.5
267.1
267.7
268.3
268.9
269.5
270.1
270.7
271.3
271.9
272.5
273.1
273.7
274.3
274.9
275.5
276.1
276.7
277.3
277.9
278.5
279.1
279.7
280.3
280.9
281.5
282.1
282.7
283.3
283.8
284.4
285.0
285.6
286.2
286.8
287.4
288.0
288.6
289.2
289.8
290.4
291.0
291.6
292.2
292.8
293.4
294.0
294.6
295.2
295.8
296.4
297.0
297.6
298.2
298.8
299.4
300.0
300.6
301.2
301.8
302.4
303.0
303.6
304.2
304.8
305.4
306.0
306.6
307.2
307.8
308.4
309.0
309.5
310.1
310.7
311.3
311.9
312.5
313.1
313.7
314.3
314.9
315.5
316.1
316.7
317.3
317.9
318.5
319.1
319.7
320.3
320.9
321.5
322.1
322.7
323.3
323.9
324.5
325.1
325.6
326.2
326.8
327.4
328.0
328.6
329.2
329.8
330.4
331.0
331.6
332.2
332.8
333.4
334.0
334.6
335.2
335.8
336.4
337.0
337.6
338.1
338.7
339.3
339.9
340.5
341.1
341.7
342.3
342.9
343.5
344.1
344.7
345.3
345.9
346.5
347.1
347.7
348.3
348.9
349.4
350.0
350.6
351.2
351.8
352.4
353.0
353.6
354.2
354.8
355.4
356.0
356.6
357.2
357.8
358.4
358.9
359.5
360.1
360.7
361.3
361.9
362.5
363.1
363.7
364.3
364.9
365.5
366.1
366.7
367.3
367.8
368.4
369.0
369.6
370.2
370.8
371.4
372.0
372.6
373.2
373.8
374.4
375.0
375.6
376.1
376.7
377.3
377.9
378.5
379.1
379.7
380.3
380.9
381.5
382.1
382.7
383.3
383.8
384.4
385.0
385.6
386.2
386.8
387.4
388.0
388.6
389.2
389.8
390.4
390.9
391.5
392.1
392.7
393.3
393.9
394.5
395.1
395.7
396.3
396.9
397.4
398.0
398.6
399.2
399.8
400.4
401.0
401.6
402.2
402.8
403.4
403.9
404.5
405.1
405.7
406.3
406.9
407.5
408.1
408.7
409.3
409.9
410.4
411.0
411.6
412.2
412.8
413.4
414.0
414.6
415.2
415.8
416.3
416.9
417.5
418.1
418.7
419.3
419.9
420.5
421.1
421.7
422.2
422.8
423.4
424.0
424.6
425.2
425.8
426.4
427.0
427.5
428.1
428.7
429.3
429.9
430.5
431.1
431.7
432.3
432.8
433.4
434.0
434.6
435.2
435.8
436.4
437.0
437.6
438.1
438.7
439.3
439.9
440.5
441.1
441.7
442.3
442.8
443.4
444.0
444.6
445.2
445.8
446.4
447.0
447.6
448.1
448.7
449.3
449.9
450.5
451.1
451.7
452.3
452.8
453.4
454.0
454.6
455.2
455.8
456.4
457.0
457.5
458.1
458.7
459.3
459.9
460.5
461.1
461.6
462.2
462.8
463.4
464.0
464.6
465.2
465.8
466.3
466.9
467.5
468.1
468.7
469.3
469.9
470.4
471.0
471.6
472.2
472.8
473.4
474.0
474.5
475.1
475.7
476.3
476.9
477.5
478.1
478.6
479.2
479.8
480.4
481.0
481.6
482.2
482.7
483.3
483.9
484.5
485.1
485.7
486.3
486.8
487.4
488.0
488.6
489.2
489.8
490.4
490.9
491.5
492.1
492.7
493.3
493.9
494.4
495.0
495.6
496.2
496.8
497.4
498.0
498.5
499.1
499.7
500.3
500.9
501.5
502.0
502.6
503.2
503.8
504.4
505.0
505.6
506.1
506.7
507.3
507.9
508.5
509.1
509.6
510.2
510.8
511.4
512.0
512.6
513.1
513.7
514.3
514.9
515.5
516.1
516.6
517.2
517.8
518.4
519.0
519.6
520.1
520.7
521.3
521.9
522.5
523.1
523.6
524.2
524.8
525.4
526.0
526.5
527.1
527.7
528.3
528.9
529.5
530.0
530.6
531.2
531.8
532.4
533.0
533.5
534.1
534.7
535.3
535.9
536.4
537.0
537.6
538.2
538.8
539.4
539.9
540.5
541.1
541.7
542.3
542.8
543.4
544.0
544.6
545.2
545.8
546.3
546.9
547.5
548.1
548.7
549.2
549.8
550.4
551.0
551.6
552.1
552.7
553.3
553.9
554.5
555.0
555.6
556.2
556.8
557.4
557.9
558.5
559.1
559.7
560.3
560.9
561.4
562.0
562.6
563.2
563.8
564.3
564.9
565.5
566.1
566.7
567.2
567.8
568.4
569.0
569.6
570.1
570.7
571.3
571.9
572.4
573.0
573.6
574.2
574.8
575.3
575.9
576.5
577.1
577.7
578.2
578.8
579.4
580.0
580.6
581.1
581.7
582.3
582.9
583.5
584.0
584.6
585.2
585.8
586.3
586.9
587.5
588.1
588.7
589.2
589.8
590.4
591.0
591.6
592.1
592.7
593.3
593.9
594.4
595.0
595.6
596.2
596.8
597.3
597.9
598.5
599.1
599.6
600.2
600.8
601.4
602.0
602.5
603.1
603.7
604.3
604.8
605.4
606.0
606.6
607.1
607.7
608.3
608.9
609.5
610.0
610.6
611.2
611.8
612.3
612.9
613.5
614.1
614.6
615.2
615.8
616.4
617.0
617.5
618.1
618.7
619.3
619.8
620.4
621.0
621.6
622.1
622.7
623.3
623.9
624.4
625.0
625.6
626.2
626.7
627.3
627.9
628.5
629.1
629.6
630.2
630.8
631.4
631.9
632.5
633.1
633.7
634.2
634.8
635.4
636.0
636.5
637.1
637.7
638.3
638.8
639.4
640.0
640.6
641.1
641.7
642.3
642.9
643.4
644.0
644.6
645.2
645.7
646.3
646.9
647.5
648.0
648.6
649.2
649.8
650.3
650.9
651.5
652.0
652.6
653.2
653.8
654.3
654.9
655.5
656.1
656.6
657.2
657.8
658.4
658.9
659.5
660.1
660.7
661.2
661.8
662.4
663.0
663.5
664.1
664.7
665.2
665.8
666.4
667.0
667.5
668.1
668.7
669.3
669.8
670.4
671.0
671.5
672.1
672.7
673.3
673.8
674.4
675.0
675.6
676.1
676.7
677.3
677.8
678.4
679.0
679.6
680.1
680.7
681.3
681.9
682.4
683.0
683.6
684.1
684.7
685.3
685.9
686.4
687.0
687.6
688.1
688.7
689.3
689.9
690.4
691.0
691.6
692.1
692.7
693.3
693.9
694.4
695.0
695.6
696.1
696.7
697.3
697.9
698.4
699.0
699.6
700.1
700.7
701.3
701.9
702.4
703.0
703.6
704.1
704.7
705.3
705.8
706.4
707.0
707.6
708.1
708.7
709.3
709.8
710.4
711.0
711.6
712.1
712.7
713.3
713.8
714.4
715.0
715.5
716.1
716.7
717.2
717.8
718.4
719.0
719.5
720.1
720.7
721.2
721.8
722.4
722.9
723.5
724.1
724.7
725.2
725.8
726.4
726.9
727.5
728.1
728.6
729.2
729.8
730.3
730.9
731.5
732.0
732.6
733.2
733.8
734.3
734.9
735.5
736.0
736.6
737.2
737.7
738.3
738.9
739.4
740.0
740.6
741.1
741.7
742.3
742.8
743.4
744.0
744.6
745.1
745.7
746.3
746.8
747.4
748.0
748.5
749.1
749.7
750.2
750.8
751.4
751.9
752.5
753.1
753.6
754.2
754.8
755.3
755.9
756.5
757.0
757.6
758.2
758.7
759.3
759.9
760.4
761.0
761.6
762.1
762.7
763.3
763.8
764.4
765.0
765.5
766.1
766.7
767.2
767.8
768.4
768.9
769.5
770.1
770.6
771.2
771.8
772.3
772.9
773.5
774.0
774.6
775.2
775.7
776.3
776.9
777.4
778.0
778.6
779.1
779.7
780.3
780.8
781.4
781.9
782.5
783.1
783.6
784.2
784.8
785.3
785.9
786.5
787.0
787.6
788.2
788.7
789.3
789.9
790.4
791.0
791.6
792.1
792.7
793.2
793.8
794.4
794.9
795.5
796.1
796.6
797.2
797.8
798.3
798.9
799.5
800.0
800.6
801.1
801.7
802.3
802.8
803.4
804.0
804.5
805.1
805.7
806.2
806.8
807.3
807.9
808.5
809.0
809.6
810.2
810.7
811.3
811.9
812.4
813.0
813.5
814.1
814.7
815.2
815.8
816.4
816.9
817.5
818.0
818.6
819.2
819.7
820.3
820.9
821.4
822.0
822.5
823.1
823.7
824.2
824.8
825.4
825.9
826.5
827.0
827.6
828.2
828.7
829.3
829.9
830.4
831.0
831.5
832.1
832.7
833.2
833.8
834.4
834.9
835.5
836.0
836.6
837.2
837.7
838.3
838.8
839.4
840.0
840.5
841.1
841.7
842.2
842.8
843.3
843.9
844.5
845.0
845.6
846.1
846.7
847.3
847.8
848.4
848.9
849.5
850.1
850.6
851.2
851.7
852.3
852.9
853.4
854.0
854.5
855.1
855.7
856.2
856.8
857.4
857.9
858.5
859.0
859.6
860.2
860.7
861.3
861.8
862.4
862.9
863.5
864.1
864.6
865.2
865.7
866.3
866.9
867.4
868.0
868.5
869.1
869.7
870.2
870.8
871.3
871.9
872.5
873.0
873.6
874.1
874.7
875.3
875.8
876.4
876.9
877.5
878.0
878.6
879.2
879.7
880.3
880.8
881.4
882.0
882.5
883.1
883.6
884.2
884.7
885.3
885.9
886.4
887.0
887.5
888.1
888.7
889.2
889.8
890.3
890.9
891.4
892.0
892.6
893.1
893.7
894.2
894.8
895.3
895.9
896.5
897.0
897.6
898.1
898.7
899.3
899.8
900.4
900.9
901.5
902.0
902.6
903.1
903.7
904.3
904.8
905.4
905.9
906.5
907.0
907.6
908.2
908.7
909.3
909.8
910.4
910.9
911.5
912.1
912.6
913.2
913.7
914.3
914.8
915.4
915.9
916.5
917.1
917.6
918.2
918.7
919.3
919.8
920.4
921.0
921.5
922.1
922.6
923.2
923.7
924.3
924.8
925.4
926.0
926.5
927.1
927.6
928.2
928.7
929.3
929.8
930.4
930.9
931.5
932.1
932.6
933.2
933.7
934.3
934.8
935.4
935.9
936.5
937.1
937.6
938.2
938.7
939.3
939.8
940.4
940.9
941.5
942.0
942.6
943.1
943.7
944.3
944.8
945.4
945.9
946.5
947.0
947.6
948.1
948.7
949.2
949.8
950.4
950.9
951.5
952.0
952.6
953.1
953.7
954.2
954.8
955.3
955.9
956.4
957.0
957.5
958.1
958.7
959.2
959.8
960.3
960.9
961.4
962.0
962.5
963.1
963.6
964.2
964.7
965.3
965.8
966.4
966.9
967.5
968.0
968.6
969.2
969.7
970.3
970.8
971.4
971.9
972.5
973.0
973.6
974.1
974.7
975.2
975.8
976.3
976.9
977.4
978.0
978.5
979.1
979.6
980.2
980.7
981.3
981.8
982.4
982.9
983.5
984.1
984.6
985.2
985.7
986.3
986.8
987.4
987.9
988.5
989.0
989.6
990.1
990.7
991.2
991.8
992.3
992.9
993.4
994.0
994.5
995.1
995.6
996.2
996.7
997.3
997.8
998.4
998.9
999.5
1000.0
1000.6
1001.1
1001.7
1002.2
1002.8
1003.3
1003.9
1004.4
1005.0
1005.5
1006.1
1006.6
1007.2
1007.7
1008.3
1008.8
1009.4
1009.9
1010.5
1011.0
1011.6
1012.1
1012.7
1013.2
1013.8
1014.3
1014.9
1015.4
1016.0
1016.5
1017.1
1017.6
1018.2
1018.7
1019.3
1019.8
1020.4
1020.9
1021.4
1022.0
1022.5
1023.1
1023.6
1024.2
1024.7
1025.3
1025.8
1026.4
1026.9
1027.5
1028.0
1028.6
1029.1
1029.7
1030.2
1030.8
1031.3
1031.9
1032.4
1033.0
1033.5
1034.1
1034.6
1035.2
1035.7
1036.2
1036.8
1037.3
1037.9
1038.4
1039.0
1039.5
1040.1
1040.6
1041.2
1041.7
1042.3
1042.8
1043.4
1043.9
1044.5
1045.0
1045.6
1046.1
1046.6
1047.2
1047.7
1048.3
1048.8
1049.4
1049.9
1050.5
1051.0
1051.6
1052.1
1052.7
1053.2
1053.8
1054.3
1054.8
1055.4
1055.9
1056.5
1057.0
1057.6
1058.1
1058.7
1059.2
1059.8
1060.3
1060.9
1061.4
1061.9
1062.5
1063.0
1063.6
1064.1
1064.7
1065.2
1065.8
1066.3
1066.9
1067.4
1067.9
1068.5
1069.0
1069.6
1070.1
1070.7
1071.2
1071.8
1072.3
1072.9
1073.4
1073.9
1074.5
1075.0
1075.6
1076.1
1076.7
1077.2
1077.8
1078.3
1078.8
1079.4
1079.9
1080.5
1081.0
1081.6
1082.1
1082.7
1083.2
1083.7
1084.3
1084.8
1085.4
1085.9
1086.5
1087.0
1087.6
1088.1
1088.6
1089.2
1089.7
1090.3
1090.8
1091.4
1091.9
1092.4
1093.0
1093.5
1094.1
1094.6
1095.2
1095.7
1096.3
1096.8
1097.3
1097.9
1098.4
1099.0
1099.5
1100.1
1100.6
1101.1
1101.7
1102.2
1102.8
1103.3
1103.9
1104.4
1104.9
1105.5
1106.0
1106.6
1107.1
1107.7
1108.2
1108.7
1109.3
1109.8
1110.4
1110.9
1111.4
1112.0
1112.5
1113.1
1113.6
1114.2
1114.7
1115.2
1115.8
1116.3
1116.9
1117.4
1118.0
1118.5
1119.0
1119.6
1120.1
1120.7
1121.2
1121.7
1122.3
1122.8
1123.4
1123.9
1124.5
1125.0
1125.5
1126.1
1126.6
1127.2
1127.7
1128.2
1128.8
1129.3
1129.9
1130.4
1130.9
1131.5
1132.0
1132.6
1133.1
1133.6
1134.2
1134.7
1135.3
1135.8
1136.4
1136.9
1137.4
1138.0
1138.5
1139.1
1139.6
1140.1
1140.7
1141.2
1141.8
1142.3
1142.8
1143.4
1143.9
1144.5
1145.0
1145.5
1146.1
1146.6
1147.2
1147.7
1148.2
1148.8
1149.3
1149.9
1150.4
1150.9
1151.5
1152.0
1152.5
1153.1
1153.6
1154.2
1154.7
1155.2
1155.8
1156.3
1156.9
1157.4
1157.9
1158.5
1159.0
1159.6
1160.1
1160.6
1161.2
1161.7
1162.3
1162.8
1163.3
1163.9
1164.4
1164.9
1165.5
1166.0
1166.6
1167.1
1167.6
1168.2
1168.7
1169.2
1169.8
1170.3
1170.9
1171.4
1171.9
1172.5
1173.0
1173.6
1174.1
1174.6
1175.2
1175.7
1176.2
1176.8
1177.3
1177.9
1178.4
1178.9
1179.5
1180.0
1180.5
1181.1
1181.6
1182.2
1182.7
1183.2
1183.8
1184.3
1184.8
1185.4
1185.9
1186.4
1187.0
1187.5
1188.1
1188.6
1189.1
1189.7
1190.2
1190.7
1191.3
1191.8
1192.4
1192.9
1193.4
1194.0
1194.5
1195.0
1195.6
1196.1
1196.6
1197.2
1197.7
1198.3
1198.8
1199.3
1199.9
1200.4
1200.9
1201.5
1202.0
1202.5
1203.1
1203.6
1204.1
1204.7
1205.2
1205.8
1206.3
1206.8
1207.4
1207.9
1208.4
1209.0
1209.5
1210.0
1210.6
1211.1
1211.6
1212.2
1212.7
1213.2
1213.8
1214.3
1214.8
1215.4
1215.9
1216.5
1217.0
1217.5
1218.1
1218.6
1219.1
1219.7
1220.2
1220.7
1221.3
1221.8
1222.3
1222.9
1223.4
1223.9
1224.5
1225.0
1225.5
1226.1
1226.6
1227.1
1227.7
1228.2
1228.7
1229.3
1229.8
1230.3
1230.9
1231.4
1231.9
1232.5
1233.0
1233.5
1234.1
1234.6
1235.1
1235.7
1236.2
1236.7
1237.3
1237.8
1238.3
1238.9
1239.4
1239.9
1240.5
1241.0
1241.5
1242.1
1242.6
1243.1
1243.7
1244.2
1244.7
1245.3
1245.8
1246.3
1246.9
1247.4
1247.9
1248.5
1249.0
1249.5
1250.1
1250.6
1251.1
1251.7
1252.2
1252.7
1253.3
1253.8
1254.3
1254.9
1255.4
1255.9
1256.4
1257.0
1257.5
1258.0
1258.6
1259.1
1259.6
1260.2
1260.7
1261.2
1261.8
1262.3
1262.8
1263.4
1263.9
1264.4
1265.0
1265.5
1266.0
1266.5
1267.1
1267.6
1268.1
1268.7
1269.2
1269.7
1270.3
1270.8
1271.3
1271.9
1272.4
1272.9
1273.4
1274.0
1274.5
1275.0
1275.6
1276.1
1276.6
1277.2
1277.7
1278.2
1278.7
1279.3
1279.8
1280.3
1280.9
1281.4
1281.9
1282.5
1283.0
1283.5
1284.0
1284.6
1285.1
1285.6
1286.2
1286.7
1287.2
1287.8
1288.3
1288.8
1289.3
1289.9
1290.4
1290.9
1291.5
1292.0
1292.5
1293.0
1293.6
1294.1
1294.6
1295.2
1295.7
1296.2
1296.8
1297.3
1297.8
1298.3
1298.9
1299.4
1299.9
1300.5
1301.0
1301.5
1302.0
1302.6
1303.1
1303.6
1304.2
1304.7
1305.2
1305.7
1306.3
1306.8
1307.3
1307.8
1308.4
1308.9
1309.4
1310.0
1310.5
1311.0
1311.5
1312.1
1312.6
1313.1
1313.7
1314.2
1314.7
1315.2
1315.8
1316.3
1316.8
1317.3
1317.9
1318.4
1318.9
1319.5
1320.0
1320.5
1321.0
1321.6
1322.1
1322.6
1323.1
1323.7
1324.2
1324.7
1325.3
1325.8
1326.3
1326.8
1327.4
1327.9
1328.4
1328.9
1329.5
1330.0
1330.5
1331.0
234.4
233.7
233.9
234.7
232.6
235.4
233.4
233.4
233.4
233.2
233.1
233.1
233.0
233.1
233.2
233.0
232.8
232.9
232.8
232.9
232.8
232.8
232.9
232.9
233.0
233.0
232.9
232.8
233.2
233.5
233.3
233.5
233.4
233.3
233.7
233.7
233.6
233.7
233.8
233.6
233.6
233.6
233.6
233.8
233.6
233.7
233.6
233.4
233.6
233.7
233.6
233.4
233.7
233.4
233.4
233.3
233.4
233.4
233.3
233.4
233.4
233.4
233.3
233.4
233.5
233.4
233.9
233.9
233.9
233.9
233.6
233.5
233.6
233.6
233.4
233.1
233.1
233.2
233.2
233.0
233.0
232.9
232.9
233.1
233.3
233.3
233.2
233.5
233.8
233.6
233.5
233.6
233.5
233.5
233.6
233.5
233.8
233.9
233.8
234.0
233.9
233.9
234.2
234.2
234.2
234.4
234.6
234.7
234.8
234.7
234.7
234.7
234.5
234.4
234.1
234.1
234.1
234.2
234.1
234.0
233.5
233.4
233.4
233.4
233.4
233.5
233.4
233.4
233.5
233.6
233.6
233.7
233.7
234.0
234.0
234.2
234.1
234.2
233.9
234.1
234.4
234.2
234.2
234.3
234.1
234.2
234.4
234.3
234.3
234.5
234.5
234.9
235.0
235.1
235.6
235.3
235.2
235.6
235.5
235.5
235.6
235.6
235.5
235.5
235.6
235.5
235.3
235.0
235.4
235.6
235.3
235.5
235.3
235.3
235.3
235.3
235.2
235.1
235.1
235.4
235.3
234.8
234.6
234.8
234.6
234.6
234.7
234.7
234.7
234.7
234.4
234.5
234.5
234.6
234.8
235.0
235.0
235.0
235.2
235.1
235.1
235.2
235.3
235.7
235.7
235.7
235.7
235.9
235.9
235.8
235.8
235.9
236.0
236.0
236.0
235.9
235.8
235.6
235.8
235.8
235.8
235.6
235.7
235.6
235.5
235.5
235.5
235.3
235.4
235.5
235.7
235.4
235.4
235.3
235.4
235.4
235.7
235.7
235.6
235.5
235.9
235.9
235.9
235.8
235.9
236.0
236.1
236.1
236.2
236.1
236.0
236.1
236.3
235.9
236.0
235.8
236.3
236.7
236.8
236.8
236.9
236.7
236.2
236.5
236.5
236.4
236.5
236.4
236.4
236.0
235.8
235.8
235.8
235.7
235.9
236.7
236.7
236.9
237.0
237.1
237.2
237.4
237.5
237.5
237.7
237.5
237.6
237.9
237.2
237.3
237.0
237.6
237.8
238.0
238.4
238.5
238.7
238.7
239.4
239.8
239.8
241.3
241.7
242.4
242.3
242.8
243.3
243.3
243.8
244.3
244.6
244.5
245.2
245.9
245.7
246.6
247.1
247.6
247.8
248.2
249.1
249.9
250.5
251.3
252.3
252.8
252.4
253.3
254.3
256.5
257.5
258.6
259.6
260.4
261.3
263.2
264.4
265.7
267.7
269.2
270.5
271.3
271.1
272.3
273.8
275.9
277.3
278.5
278.9
280.5
282.0
283.9
286.8
288.3
289.9
292.1
294.1
295.4
296.5
298.6
301.0
303.3
305.1
307.0
307.8
309.0
310.5
312.3
313.2
314.1
316.5
318.4
320.0
323.1
324.6
326.1
328.1
330.3
331.9
334.8
336.8
339.2
341.7
343.9
345.7
349.1
349.3
351.3
355.5
357.4
359.5
361.8
362.6
364.6
366.9
369.7
371.8
375.4
376.0
378.6
381.6
382.2
385.1
386.9
389.6
393.8
398.1
400.8
405.6
408.1
409.9
414.1
417.8
422.3
432.7
435.9
440.2
445.3
449.5
451.5
457.6
459.2
462.6
467.8
469.2
471.4
472.0
467.4
470.0
473.1
474.1
475.9
478.4
476.5
477.9
479.3
481.8
485.2
487.2
490.3
491.7
492.8
493.6
495.8
496.6
497.7
500.5
500.8
502.8
503.2
502.6
506.9
508.2
511.3
520.6
523.7
525.3
528.4
533.6
536.0
539.9
542.7
544.7
550.1
552.5
556.0
558.4
556.0
557.6
560.3
565.0
567.4
570.1
573.1
576.0
578.5
584.8
586.6
588.8
591.7
597.1
603.6
605.5
607.3
610.8
614.8
619.8
625.6
631.2
636.1
639.0
642.7
651.4
651.1
653.0
659.2
660.7
662.5
664.6
664.0
663.8
665.7
661.4
663.3
665.0
666.3
668.6
670.0
673.0
675.1
677.1
681.2
688.0
691.0
694.4
702.7
704.9
710.0
713.6
719.2
723.5
727.0
732.9
740.0
744.3
751.1
759.5
763.3
765.0
777.1
781.3
783.7
787.3
791.9
795.5
800.1
805.9
810.6
812.7
822.2
830.1
845.5
845.5
851.5
855.6
861.7
869.0
875.6
884.9
889.0
895.8
900.3
902.9
911.7
908.4
915.3
922.6
930.2
936.3
941.8
948.0
949.7
955.1
961.6
966.8
974.5
977.7
990.2
996.8
1004.3
1011.1
1021.4
1027.0
1035.0
1045.6
1057.7
1065.6
1076.6
1080.6
1086.5
1088.3
1099.3
1105.2
1112.2
1114.4
1123.3
1127.6
1132.6
1133.7
1140.7
1150.7
1159.7
1171.3
1176.9
1182.2
1188.6
1194.1
1201.2
1207.3
1215.1
1221.8
1230.1
1235.2
1252.6
1257.8
1260.1
1268.5
1274.9
1285.3
1295.0
1306.5
1318.9
1327.1
1336.8
1347.0
1353.2
1350.9
1354.6
1361.2
1369.9
1374.6
1376.2
1379.5
1382.9
1380.8
1390.3
1392.2
1388.9
1396.4
1396.8
1402.3
1411.2
1412.3
1414.5
1423.0
1426.9
1431.2
1439.3
1440.5
1445.8
1461.7
1469.4
1472.6
1489.8
1491.7
1498.5
1501.9
1507.0
1517.8
1523.1
1529.3
1535.2
1541.1
1549.4
1559.2
1568.1
1563.3
1574.4
1585.5
1603.5
1611.0
1614.3
1623.0
1626.9
1633.9
1644.8
1646.6
1645.4
1649.9
1661.2
1661.1
1658.4
1660.1
1663.8
1672.2
1676.6
1683.4
1686.7
1690.4
1692.9
1699.5
1703.8
1708.2
1714.4
1720.2
1724.6
1728.3
1730.8
1736.7
1739.3
1745.2
1749.0
1758.0
1763.9
1774.0
1777.7
1784.8
1797.6
1807.6
1816.3
1829.5
1844.0
1854.4
1866.3
1876.0
1881.5
1886.9
1890.5
1895.3
1900.2
1902.8
1906.3
1909.9
1915.2
1912.4
1924.2
1919.1
1920.3
1923.2
1925.0
1924.8
1927.5
1933.2
1938.3
1936.6
1937.5
1933.3
1932.2
1927.5
1933.2
1933.0
1932.7
1933.0
1937.9
1932.3
1927.2
1917.8
1912.1
1910.6
1906.8
1898.9
1891.8
1885.2
1876.9
1871.0
1866.3
1855.6
1859.6
1859.3
1864.4
1874.8
1886.6
1893.9
1915.1
1926.2
1943.0
1963.4
1974.7
1989.6
2008.7
2016.9
2032.8
2044.1
2049.8
2047.9
2054.3
2053.6
2063.5
2065.6
2073.5
2078.8
2084.5
2085.8
2093.4
2091.3
2097.6
2095.4
2098.6
2104.6
2108.3
2104.3
2105.3
2104.7
2105.8
2111.2
2116.3
2119.4
2125.2
2125.8
2133.8
2141.4
2149.0
2157.4
2172.0
2188.4
2199.8
2210.0
2215.8
2230.7
2242.8
2251.7
2266.7
2284.4
2297.8
2321.5
2333.7
2343.4
2347.6
2345.5
2362.6
2372.2
2379.6
2385.5
2399.2
2407.8
2414.0
2424.3
2419.5
2427.4
2433.3
2441.6
2452.4
2455.9
2464.2
2464.3
2470.9
2469.0
2467.4
2472.6
2470.9
2472.8
2473.2
2469.7
2474.5
2478.3
2478.5
2477.4
2476.4
2489.6
2495.4
2502.1
2498.0
2498.3
2498.0
2498.0
2499.5
2490.9
2489.1
2480.6
2495.9
2496.2
2484.6
2481.7
2475.5
2472.6
2472.4
2466.1
2468.5
2479.2
2484.9
2491.1
2509.0
2495.5
2503.7
2501.3
2506.5
2520.4
2531.1
2532.8
2538.5
2539.4
2536.3
2536.4
2531.7
2524.8
2532.8
2530.2
2526.9
2529.8
2518.4
2512.0
2508.8
2509.0
2500.2
2495.6
2488.9
2491.9
2480.8
2465.7
2461.4
2472.9
2460.4
2455.8
2454.9
2454.7
2458.0
2459.7
2458.9
2457.9
2451.3
2455.9
2455.0
2455.1
2450.7
2468.5
2473.4
2472.3
2478.9
2467.6
2471.6
2467.1
2474.6
2479.5
2480.5
2485.4
2489.0
2484.7
2480.8
2479.5
2478.0
2472.5
2476.9
2472.8
2473.0
2468.5
2464.6
2461.1
2463.6
2459.7
2465.9
2456.3
2456.9
2462.4
2466.9
2462.6
2469.4
2480.7
2481.3
2483.9
2481.6
2482.1
2487.0
2478.7
2477.6
2480.4
2475.7
2465.9
2465.7
2453.9
2443.1
2449.8
2443.5
2446.4
2441.0
2431.3
2428.5
2425.2
2420.2
2419.8
2426.8
2429.2
2429.3
2428.9
2419.9
2428.6
2425.9
2426.0
2431.3
2431.4
2432.9
2430.3
2431.4
2426.6
2421.7
2421.2
2420.3
2416.7
2411.4
2413.2
2415.5
2415.7
2422.7
2417.7
2418.8
2413.0
2414.5
2419.8
2420.9
2423.0
2424.6
2419.1
2416.2
2413.5
2405.1
2392.9
2392.2
2385.4
2383.4
2384.4
2384.3
2384.8
2379.0
2375.4
2380.0
2373.2
2370.0
2368.9
2368.1
2371.4
2372.5
2374.5
2366.1
2359.8
2353.1
2345.1
2342.2
2329.7
2329.8
2327.0
2328.0
2325.9
2322.3
2320.4
2318.5
2323.5
2318.5
2315.2
2317.4
2317.6
2321.9
2334.3
2330.9
2336.1
2335.9
2329.5
2324.2
2313.5
2299.5
2297.2
2292.9
2288.8
2283.3
2280.8
2263.9
2257.8
2245.3
2244.1
2241.6
2238.1
2228.3
2228.9
2224.2
2221.7
2220.1
2215.7
2211.7
2210.8
2208.7
2202.5
2199.2
2200.1
2194.4
2199.1
2190.9
2187.8
2191.2
2187.3
2186.0
2176.9
2166.8
2166.4
2170.3
2162.8
2150.5
2147.6
2144.3
2143.1
2136.1
2131.6
2137.5
2133.6
2133.1
2134.4
2130.8
2123.0
2119.9
2114.9
2110.0
2109.1
2107.6
2103.5
2105.5
2104.3
2108.3
2102.3
2102.8
2111.3
2110.1
2111.0
2119.9
2128.1
2148.5
2154.7
2165.0
2171.4
2167.6
2171.2
2186.7
2191.5
2186.9
2191.5
2193.6
2194.4
2196.1
2180.4
2181.4
2185.7
2184.6
2182.5
2182.3
2175.2
2184.6
2178.7
2176.5
2174.4
2167.3
2162.9
2164.3
2160.3
2153.0
2141.2
2137.9
2127.1
2123.7
2111.2
2111.2
2107.0
2102.6
2106.4
2101.4
2097.2
2091.9
2088.6
2085.9
2092.5
2103.5
2101.0
2095.9
2096.1
2096.0
2107.1
2109.6
2111.4
2106.8
2097.6
2090.4
2088.1
2080.8
2065.7
2072.2
2072.4
2068.2
2068.6
2064.5
2059.7
2059.1
2052.3
2058.3
2066.8
2063.9
2056.6
2051.1
2036.7
2031.5
2026.2
2024.0
2014.2
2009.0
2001.2
2000.0
1996.7
1987.5
1977.7
1970.2
1969.6
1966.3
1964.7
1964.0
1960.1
1961.3
1961.7
1967.7
1972.0
1971.5
1974.4
1994.1
1997.5
2000.9
2006.5
2014.3
2016.1
2019.4
2017.6
2017.5
2015.5
2019.3
2022.2
2029.5
2026.2
2034.9
2045.9
2047.6
2043.6
2047.3
2051.2
2071.7
2079.9
2088.0
2096.2
2107.1
2111.8
2112.2
2117.1
2114.5
2124.2
2127.9
2130.1
2129.3
2113.5
2110.4
2106.8
2104.0
2092.5
2085.4
2077.3
2071.5
2068.3
2064.8
2057.3
2045.1
2035.8
2024.5
2010.6
1995.5
1978.4
1974.6
1966.7
1969.8
1962.2
1953.7
1948.3
1949.8
1954.3
1956.7
1954.3
1951.1
1951.4
1949.4
1946.2
1938.0
1928.2
1922.1
1918.8
1904.8
1896.1
1887.9
1880.1
1882.9
1885.3
1887.4
1888.5
1882.4
1881.6
1873.3
1864.1
1856.5
1852.9
1846.1
1841.5
1837.2
1829.5
1822.8
1812.2
1814.7
1810.3
1808.3
1804.2
1807.4
1799.4
1792.0
1781.5
1771.5
1763.3
1754.9
1748.8
1745.1
1727.5
1722.4
1713.3
1711.7
1707.0
1707.1
1703.1
1701.3
1700.2
1694.5
1686.5
1679.0
1669.3
1664.8
1658.4
1650.6
1658.1
1649.2
1643.4
1641.5
1638.3
1629.8
1625.2
1623.7
1622.3
1626.0
1619.9
1616.6
1614.1
1598.1
1591.6
1584.3
1578.4
1576.5
1574.5
1576.6
1579.5
1580.0
1573.6
1578.4
1575.1
1569.7
1564.1
1568.4
1567.6
1566.4
1562.3
1562.6
1554.5
1541.0
1529.4
1523.8
1514.9
1516.1
1513.2
1506.2
1495.2
1489.2
1487.4
1482.7
1481.3
1475.8
1477.5
1475.7
1478.0
1474.9
1463.6
1461.9
1458.9
1456.9
1456.8
1447.2
1443.7
1433.1
1431.7
1426.1
1421.1
1410.9
1404.5
1400.9
1392.6
1389.9
1383.9
1377.3
1376.2
1369.1
1363.9
1359.3
1355.1
1351.6
1345.7
1343.6
1342.8
1342.6
1338.3
1336.0
1335.0
1327.0
1335.7
1333.3
1335.4
1334.8
1332.2
1328.3
1322.7
1314.5
1307.6
1305.1
1300.5
1306.8
1304.3
1290.4
1286.9
1274.7
1266.1
1263.0
1260.5
1261.8
1261.4
1261.6
1255.9
1251.9
1236.6
1232.6
1228.5
1224.3
1225.2
1222.8
1223.4
1219.6
1213.3
1208.5
1205.7
1206.6
1207.9
1203.3
1200.2
1197.8
1197.0
1189.8
1185.8
1177.0
1183.3
1175.6
1175.1
1169.0
1162.5
1157.2
1155.5
1150.8
1142.9
1135.3
1131.4
1131.9
1126.8
1113.0
1109.1
1104.6
1103.3
1097.1
1087.6
1084.2
1081.6
1084.4
1081.0
1076.9
1069.0
1066.8
1065.1
1062.6
1057.3
1052.9
1047.4
1046.5
1037.5
1034.9
1021.7
1014.1
1007.1
1002.5
993.1
986.8
978.3
966.9
953.7
944.4
933.6
924.8
912.4
907.4
901.4
893.9
884.9
879.4
876.9
871.4
868.1
863.0
858.7
857.8
851.8
847.8
842.9
836.8
832.0
825.4
819.2
806.2
799.7
793.2
788.4
785.8
775.8
771.7
767.2
765.4
760.1
754.1
748.6
745.4
738.9
732.6
729.5
726.4
720.2
714.3
706.9
699.9
690.6
686.1
680.9
675.4
668.3
663.5
659.0
652.0
644.3
637.0
632.5
630.0
625.7
623.1
619.7
615.7
612.6
608.6
605.6
600.8
596.3
593.2
589.1
585.8
583.8
580.1
574.6
571.2
566.4
562.7
559.1
554.1
551.1
547.6
545.2
542.6
538.6
533.7
530.7
526.0
520.3
514.9
512.2
509.3
505.1
503.0
500.3
496.8
494.7
491.6
487.3
484.9
481.1
478.8
477.8
473.5
469.9
469.0
465.3
462.2
458.8
455.2
453.7
452.3
448.5
447.4
444.3
441.6
440.7
438.5
436.1
433.9
430.3
428.3
425.7
422.2
419.7
417.2
416.1
414.2
412.7
409.8
407.1
407.7
404.3
402.9
400.2
398.4
397.5
395.1
393.8
391.1
389.9
389.3
386.6
386.1
380.5
380.0
378.2
376.3
374.4
371.9
371.1
370.4
368.9
367.2
364.1
362.6
360.9
360.0
359.2
357.6
356.0
354.6
352.6
350.5
348.4
346.6
345.1
343.5
341.7
338.6
336.9
334.5
333.0
332.4
331.0
330.7
329.8
328.8
327.7
326.7
325.6
324.6
323.9
322.7
321.2
320.0
318.4
317.4
315.1
313.2
312.1
310.7
308.1
306.6
307.8
306.9
305.5
304.5
303.4
303.2
302.0
301.7
299.7
297.6
296.9
295.3
294.1
290.9
290.8
289.9
289.0
288.2
286.0
285.1
283.2
283.5
282.9
281.6
282.6
282.3
281.2
279.2
278.5
277.5
276.7
276.1
275.4
275.3
274.3
273.4
272.6
271.3
270.5
269.9
269.4
268.6
268.1
267.2
266.7
265.8
265.0
264.6
263.6
263.0
262.2
261.5
260.4
259.3
259.0
258.9
257.7
257.2
256.7
256.1
255.6
255.2
255.0
254.9
254.1
254.4
254.3
254.0
253.1
253.6
252.6
252.3
251.9
251.6
250.7
250.0
249.4
249.4
248.6
248.3
247.7
247.3
246.7
246.6
246.4
246.3
245.9
246.3
246.3
246.1
245.6
245.4
245.2
245.1
244.9
244.4
244.1
243.9
243.6
242.9
242.6
242.1
241.9
241.3
241.2
241.0
240.6
240.5
240.1
239.8
239.3
239.4
239.5
239.5
239.3
239.4
239.7
239.7
239.7
239.7
239.6
240.3
240.9
241.1
240.8
240.9
240.8
240.7
240.7
240.6
240.5
240.5
240.0
240.1
240.1
239.7
239.5
239.8
239.8
240.0
240.2
240.2
240.7
240.7
240.8
242.2
242.4
242.7
242.9
243.4
242.9
243.4
243.7
244.2
244.9
245.2
245.6
246.0
245.7
245.9
244.8
244.7
245.4
246.4
246.3
246.9
247.3
247.8
248.5
249.1
249.3
250.1
251.0
253.2
255.1
255.8
256.4
257.5
257.8
258.2
258.5
258.7
259.1
259.7
260.0
259.5
259.6
259.0
258.9
259.1
259.3
260.2
260.7
261.3
261.5
261.4
262.5
262.7
263.9
264.5
264.9
264.9
265.1
265.3
264.8
264.6
264.2
264.1
264.5
263.4
262.7
262.1
261.8
262.0
262.0
262.1
261.8
262.0
262.0
262.0
261.9
261.8
261.9
262.9
262.9
262.9
262.5
262.1
262.2
262.2
262.0
262.9
262.9
263.0
263.1
263.2
262.5
262.6
262.7
262.7
263.2
263.0
263.1
263.3
262.4
262.5
262.5
262.6
262.2
262.5
262.5
262.1
262.1
262.2
262.4
262.5
261.7
261.9
261.6
262.0
262.1
263.2
263.3
263.2
264.1
264.2
264.6
264.7
264.7
265.6
266.1
266.3
266.1
266.3
265.8
265.8
266.5
265.3
265.2
265.2
265.4
265.7
265.2
264.6
265.7
264.9
264.8
264.6
264.7
264.4
265.4
266.2
265.9
265.9
265.7
264.8
264.8
263.8
264.7
265.3
265.1
265.2
264.9
264.7
263.7
263.5
263.8
263.8
265.2
263.6
263.7
263.6
262.5
262.6
263.0
263.3
263.5
264.4
264.6
264.1
263.8
264.0
266.7
266.7
266.6
267.1
267.5
267.3
267.1
267.4
266.2
266.2
266.3
266.6
266.2
265.1
265.1
264.1
264.1
264.1
264.2
264.1
263.5
264.6
265.1
265.0
264.7
265.0
265.9
266.4
268.5
268.7
268.8
269.2
269.5
270.0
270.1
270.2
270.9
271.8
272.0
271.6
272.0
271.3
272.2
272.8
273.0
273.6
274.1
274.6
275.3
275.1
271.6
268.2
264.6
260.8
257.6
253.5
226.9
227.1
226.5
226.1
225.3
227.3
226.0
226.0
225.9
225.7
225.7
225.8
225.7
225.7
225.7
225.7
225.7
225.7
225.7
225.7
225.6
225.6
225.6
225.6
225.6
225.5
225.5
225.5
225.6
225.8
225.7
225.7
225.7
225.7
225.9
226.0
225.9
225.9
226.1
226.0
225.9
226.0
225.9
225.9
225.9
225.9
225.9
225.8
225.8
225.9
226.0
225.8
226.0
225.9
225.8
225.9
226.0
226.0
225.9
225.9
225.8
225.8
225.9
225.8
225.8
225.7
225.9
226.0
226.0
226.1
225.9
225.8
225.9
226.1
226.1
226.0
226.0
225.9
226.0
225.9
225.9
225.8
225.7
225.7
225.9
225.8
225.8
225.8
226.0
225.9
226.0
226.0
226.1
226.0
226.0
226.1
226.3
226.4
226.3
226.3
226.3
226.3
226.5
226.4
226.3
226.3
226.4
226.5
226.6
226.5
226.4
226.4
226.3
226.2
226.0
226.0
226.0
226.0
226.1
226.1
225.9
225.8
225.6
225.7
225.8
225.8
225.8
225.9
225.9
226.0
226.0
226.1
226.0
225.9
225.9
226.1
226.0
226.1
226.0
225.9
226.0
226.0
226.0
226.0
225.9
225.8
226.0
226.0
226.0
225.9
225.8
225.8
226.0
226.1
226.3
226.2
226.0
226.2
226.3
226.3
226.3
226.2
226.3
226.5
226.6
226.6
226.5
226.2
226.3
226.4
226.4
226.6
226.5
226.4
226.5
226.4
226.3
226.2
226.1
226.1
226.1
226.1
226.0
225.9
225.6
225.6
225.7
225.8
225.8
225.8
225.7
225.7
225.7
225.8
225.8
225.9
225.9
225.9
226.1
226.1
226.1
226.1
226.1
226.3
226.4
226.4
226.4
226.3
226.3
226.3
226.5
226.4
226.4
226.3
226.3
226.3
226.3
226.2
226.3
226.2
226.3
226.3
226.3
226.2
226.2
226.2
226.3
226.3
226.3
226.3
226.3
226.2
226.3
226.3
226.3
226.2
226.3
226.3
226.2
226.3
226.3
226.2
226.2
226.3
226.4
226.5
226.4
226.4
226.5
226.6
226.6
226.6
226.6
226.3
226.5
226.5
226.7
226.9
226.9
226.9
226.9
226.8
226.7
226.8
226.8
226.8
226.9
226.9
226.9
226.6
226.5
226.4
226.4
226.4
226.4
226.6
226.6
226.7
226.7
226.8
226.7
226.6
226.6
226.6
226.6
226.7
226.6
226.7
226.3
226.4
226.2
226.4
226.3
226.3
226.4
226.4
226.4
226.3
226.3
226.3
226.2
226.6
226.6
226.6
226.5
226.5
226.5
226.5
226.5
226.5
226.4
226.3
226.4
226.5
226.3
226.3
226.3
226.3
226.3
226.3
226.4
226.3
226.3
226.4
226.5
226.4
226.3
226.2
226.3
226.6
226.6
226.7
226.7
226.7
226.6
226.9
226.9
227.0
227.1
227.1
227.1
227.0
226.7
226.7
226.7
226.8
226.8
226.9
226.7
226.7
226.5
226.7
226.8
226.9
226.9
226.9
226.9
226.8
226.8
226.8
226.9
226.9
226.8
226.9
226.7
226.7
226.6
226.6
226.5
226.4
226.5
226.4
226.3
226.4
226.3
226.3
226.3
226.3
226.3
226.3
226.2
226.3
226.3
226.4
226.3
226.4
226.2
226.3
226.4
226.4
226.4
226.4
226.4
226.6
226.6
226.6
226.6
226.6
226.6
226.7
226.7
226.6
226.6
226.6
226.6
226.7
226.7
226.7
227.0
227.0
226.9
226.9
226.9
226.9
227.2
227.1
227.2
227.3
227.2
227.1
227.2
226.9
226.9
227.0
226.9
226.8
226.7
226.5
226.6
226.6
226.5
226.5
226.6
226.5
226.5
226.4
226.4
226.6
226.6
226.8
226.7
226.7
226.6
226.6
226.6
226.6
226.6
226.5
226.5
226.4
226.3
226.3
226.3
226.3
226.4
226.4
226.4
226.4
226.4
226.4
226.4
226.5
226.5
226.6
226.5
226.6
226.6
226.4
226.5
226.5
226.6
226.7
226.6
226.6
226.7
226.7
226.7
226.7
226.6
226.7
226.8
227.0
227.0
226.9
226.9
227.0
227.1
227.1
227.1
227.2
227.1
227.2
227.5
227.3
227.2
227.3
227.2
227.2
227.2
227.1
226.9
227.1
226.8
226.8
226.7
226.5
226.4
226.3
226.2
226.1
226.0
226.1
226.0
226.0
225.9
226.3
226.1
226.2
226.1
226.3
226.3
226.3
226.3
226.4
226.4
226.6
226.8
226.8
226.6
226.9
227.0
227.0
226.9
226.9
226.8
226.9
226.9
226.8
226.7
226.8
226.9
227.1
226.9
226.9
226.8
226.7
226.7
226.8
226.8
226.8
226.8
226.9
226.7
226.7
226.4
226.5
226.4
226.4
226.4
226.5
226.6
226.5
226.4
226.3
226.2
226.2
226.3
226.4
226.3
226.3
226.3
226.4
226.3
226.2
226.3
226.4
226.5
226.5
226.4
226.3
226.2
226.3
226.3
226.3
226.3
226.3
226.3
226.1
226.0
226.1
226.2
226.3
226.5
226.4
226.5
226.5
226.4
226.5
226.5
226.4
226.6
226.6
226.6
226.7
226.6
226.5
226.6
226.4
226.5
226.5
226.5
226.6
226.7
226.7
226.8
226.9
226.7
226.7
226.7
226.8
226.8
226.7
226.7
226.8
226.7
226.7
226.6
226.5
226.5
226.4
226.5
226.5
226.4
226.3
226.4
226.4
226.3
226.4
226.4
226.4
226.5
226.5
226.5
226.6
226.5
226.6
226.5
226.5
226.4
226.4
226.4
226.4
226.3
226.4
226.4
226.5
226.3
226.3
226.2
226.5
226.4
226.5
226.5
226.4
226.3
226.4
226.4
226.3
226.3
226.4
226.5
226.5
226.5
226.6
226.7
226.8
226.8
226.9
226.8
226.8
226.7
226.6
226.5
226.4
226.4
226.4
226.4
226.2
226.2
226.2
226.2
226.2
226.1
226.1
226.2
226.2
226.1
226.2
226.1
226.0
226.2
226.3
226.4
226.4
226.5
226.5
226.6
226.6
226.5
226.6
226.5
226.5
226.6
226.6
226.5
226.5
226.5
226.4
226.4
226.4
226.3
226.4
226.4
226.4
226.4
226.4
226.3
226.3
226.3
226.2
226.1
226.2
226.3
226.3
226.3
226.4
226.4
226.4
226.5
226.5
226.4
226.4
226.5
226.5
226.4
226.5
226.4
226.4
226.3
226.3
226.2
226.3
226.2
226.4
226.4
226.4
226.6
226.4
226.3
226.4
226.3
226.4
226.4
226.5
226.4
226.4
226.3
226.4
226.4
226.5
226.6
226.7
226.6
226.6
226.5
226.6
226.5
226.4
226.4
226.5
226.5
226.4
226.2
226.1
226.1
226.2
226.3
226.3
226.2
226.2
226.2
226.1
226.1
226.1
226.1
226.0
226.1
226.1
226.2
226.2
226.3
226.3
226.4
226.5
226.8
226.8
226.8
226.8
226.9
227.0
226.9
226.9
226.8
226.8
226.8
226.7
226.7
226.5
226.6
226.6
226.6
226.5
226.4
226.4
226.3
226.4
226.4
226.5
226.5
226.4
226.4
226.3
226.3
226.3
226.4
226.4
226.3
226.3
226.2
226.1
226.1
226.1
226.1
226.1
226.1
226.1
226.1
226.1
226.1
226.5
226.5
226.6
226.6
226.5
226.6
226.7
226.5
226.5
226.5
226.5
226.6
226.7
226.4
226.5
226.3
226.4
226.6
226.7
226.6
226.7
226.7
226.7
226.7
226.6
226.5
226.6
226.5
226.6
226.7
226.5
226.4
226.4
226.4
226.4
226.5
226.5
226.8
226.7
226.6
226.7
227.0
226.9
226.9
226.9
226.9
227.0
227.0
227.0
227.0
226.8
226.8
226.8
226.7
226.5
226.9
226.8
226.8
227.0
226.8
226.7
226.5
226.6
226.6
226.7
226.6
226.6
226.5
226.3
226.4
226.4
226.2
226.2
226.2
226.3
226.3
226.2
226.2
226.3
226.3
226.4
226.3
226.2
226.4
226.5
226.5
226.7
226.8
226.9
226.9
226.9
226.9
227.0
227.0
227.1
227.2
227.1
227.0
227.0
227.0
226.8
226.7
226.7
226.7
226.6
226.5
226.5
226.4
226.2
226.2
226.1
226.1
226.0
226.0
226.1
226.3
226.2
226.2
226.2
226.2
226.2
226.3
226.2
226.2
226.2
226.1
226.2
226.2
226.1
226.2
226.2
226.3
226.4
226.5
226.5
226.5
226.4
226.4
226.5
226.5
226.5
226.4
226.4
226.4
226.4
226.2
226.2
226.1
226.1
226.4
226.4
226.5
226.4
226.4
226.5
226.6
226.4
226.4
226.3
226.3
226.4
226.5
226.5
226.5
226.4
226.4
226.4
226.2
226.1
226.2
226.2
226.3
226.3
226.3
226.2
226.4
226.4
226.5
226.5
226.5
226.6
226.8
226.8
227.0
227.0
227.1
227.1
227.1
226.8
226.9
227.0
227.0
226.9
226.9
226.8
226.7
226.7
226.6
226.5
226.4
226.4
226.4
226.4
226.3
226.2
226.3
226.3
226.3
226.3
226.3
226.3
226.4
226.6
226.6
226.6
226.5
226.6
226.5
226.5
226.5
226.5
226.5
226.5
226.4
226.3
226.2
226.1
226.1
226.1
226.1
226.3
226.4
226.5
226.4
226.5
226.6
226.6
226.6
226.6
226.6
226.7
226.8
227.1
227.1
227.1
227.0
227.1
227.3
227.2
227.2
227.2
227.3
227.5
227.4
227.4
227.1
226.8
226.7
226.8
226.7
226.4
226.4
226.3
226.3
226.3
226.1
226.1
226.1
226.1
226.2
226.2
226.2
226.4
226.6
226.6
226.7
226.7
226.8
226.8
226.9
226.8
226.8
226.8
226.6
226.5
226.4
226.4
226.3
226.2
226.3
226.3
226.1
226.0
226.1
226.0
226.1
226.4
226.4
226.4
226.5
226.5
226.6
226.7
226.8
226.9
227.0
227.0
227.1
227.0
226.8
227.0
227.0
226.9
226.9
226.9
226.7
226.7
226.7
226.6
226.8
226.7
226.7
226.8
226.6
226.7
226.6
226.6
226.5
226.5
226.4
226.4
226.4
226.3
226.2
226.2
226.2
226.2
226.1
226.1
226.2
226.3
226.2
226.3
226.3
226.3
226.4
226.6
226.7
226.7
226.7
226.8
226.9
226.9
226.8
226.8
226.8
226.8
226.8
226.7
226.4
226.3
226.4
226.4
226.2
226.2
226.2
226.4
226.4
226.5
226.4
226.4
226.5
226.5
226.7
226.6
226.7
226.7
226.7
226.7
226.5
226.5
226.4
226.4
226.4
226.4
226.4
226.4
226.3
226.3
226.2
226.2
226.2
226.3
226.3
226.2
226.3
226.3
226.2
226.2
226.1
226.0
226.1
226.2
226.2
226.3
226.4
226.5
226.5
226.5
226.4
226.5
226.5
226.5
226.5
226.3
226.3
226.4
226.3
226.2
226.2
226.3
226.3
226.3
226.3
226.3
226.4
226.5
226.6
226.6
226.5
226.6
226.6
226.5
226.5
226.6
226.6
226.7
226.7
226.7
226.6
226.5
226.4
226.4
226.3
226.3
226.3
226.3
226.1
226.0
225.8
225.8
225.7
225.7
225.7
225.7
225.7
225.7
225.7
225.8
225.7
225.9
225.8
225.9
226.4
226.4
226.4
226.4
226.5
226.5
226.5
226.5
226.5
226.7
226.7
226.8
226.8
226.5
226.6
226.5
226.5
226.6
226.5
226.6
226.7
226.8
226.6
226.6
226.6
226.6
226.5
226.6
226.6
226.5
226.6
226.7
226.7
226.5
226.4
226.4
226.4
226.4
226.4
226.4
226.4
226.4
226.6
226.6
226.5
226.4
226.5
226.6
226.8
226.7
226.7
226.8
226.8
226.8
226.9
226.6
226.6
226.7
226.6
226.6
226.6
226.4
226.5
226.5
226.2
226.3
226.2
226.1
226.3
226.2
226.2
226.3
226.2
226.1
226.1
226.1
226.0
226.2
226.1
226.2
226.2
226.2
226.5
226.5
226.7
226.8
226.9
226.9
226.9
226.9
226.8
226.8
226.8
227.1
227.1
226.7
226.7
226.5
226.4
226.4
226.4
226.4
226.5
226.5
226.4
226.3
225.9
226.0
226.1
226.0
226.0
226.1
226.2
226.1
226.3
226.2
226.3
226.5
226.6
226.7
226.7
226.7
226.7
226.7
226.7
226.6
227.0
226.9
227.0
226.9
226.9
226.9
226.9
226.9
226.8
226.8
226.8
226.8
226.8
226.4
226.4
226.4
226.5
226.5
226.3
226.4
226.4
226.6
226.6
226.6
226.5
226.4
226.5
226.5
226.4
226.4
226.4
226.5
226.4
226.5
226.4
226.4
226.4
226.5
226.5
226.7
226.7
226.7
226.6
226.5
226.5
226.5
226.4
226.4
226.4
226.3
226.3
226.3
226.3
226.3
226.4
226.3
226.4
226.5
226.4
226.4
226.4
226.5
226.6
226.4
226.4
226.2
226.2
226.2
226.3
226.4
226.2
226.3
226.3
226.5
226.4
226.3
226.4
226.6
226.6
226.6
226.8
226.8
226.8
226.8
226.9
226.8
226.5
226.6
226.5
226.5
226.4
226.4
226.4
226.3
226.2
226.2
226.3
226.2
226.3
226.4
226.4
226.4
226.4
226.3
226.3
226.3
226.3
226.3
226.3
226.3
226.4
226.4
226.4
226.4
226.5
226.6
226.7
226.7
226.7
226.7
226.8
226.8
226.7
226.5
226.6
226.5
226.4
226.2
226.2
226.2
226.1
226.2
226.3
226.2
226.3
226.3
226.3
226.3
226.3
226.3
226.4
226.4
226.4
226.5
226.3
226.2
226.3
226.2
226.3
226.3
226.3
226.5
226.4
226.4
226.6
226.5
226.5
226.6
226.6
226.6
226.6
226.5
226.5
226.5
226.5
226.5
226.4
226.2
226.3
226.5
226.3
226.4
226.4
226.4
226.5
226.5
226.5
226.6
226.8
226.9
226.9
227.0
226.7
226.8
226.7
226.7
226.7
226.6
226.7
226.8
226.7
226.6
226.5
226.5
226.4
226.5
226.6
226.5
226.5
226.5
226.6
226.4
226.3
226.3
226.3
226.3
226.3
226.1
226.2
226.1
226.2
226.3
226.3
226.4
226.5
226.6
226.6
226.7
226.7
226.7
226.8
226.8
226.8
226.8
226.7
226.6
226.5
226.5
226.6
226.6
226.4
226.4
226.7
226.7
226.7
226.8
226.7
226.9
227.0
227.1
226.9
226.7
226.7
226.8
226.8
226.5
226.6
226.6
226.5
226.5
226.5
226.4
226.3
226.5
226.5
226.5
226.7
226.8
226.8
226.6
226.6
226.5
226.5
226.4
226.4
226.4
226.4
226.4
226.4
226.2
226.2
226.2
226.3
226.2
226.2
226.2
226.3
226.3
226.2
226.3
226.3
226.3
226.3
226.3
226.2
226.1
226.2
226.3
226.2
226.2
226.1
226.1
226.1
226.0
226.1
226.2
226.1
226.4
226.4
226.4
226.4
226.6
226.4
226.5
226.6
226.6
226.5
226.5
226.4
226.5
226.4
226.5
226.5
226.4
226.3
226.4
226.5
226.6
226.6
226.7
226.7
226.7
226.6
226.6
226.6
226.7
226.7
226.7
226.6
226.7
226.6
226.5
226.5
226.4
226.4
226.4
226.4
226.3
226.2
226.2
226.2
226.1
226.0
226.0
226.1
226.1
226.1
226.1
226.1
226.1
226.2
226.2
226.1
226.3
226.6
226.6
226.6
226.6
226.6
226.6
226.6
226.6
226.6
226.7
226.6
226.6
226.6
226.3
226.3
226.4
226.4
226.4
226.5
226.3
226.4
226.3
226.3
226.7
226.7
226.7
226.7
226.8
226.7
226.7
226.7
226.8
226.9
226.8
226.8
226.8
226.5
226.4
226.3
226.2
226.3
226.3
226.2
226.2
226.1
226.1
226.2
226.1
226.1
226.1
226.3
226.5
226.6
226.5
226.6
226.7
226.6
226.7
226.5
226.5
226.5
226.5
226.5
226.3
226.2
226.1
226.0
226.0
226.1
226.3
226.3
226.4
226.4
226.4
226.6
226.7
226.9
227.0
227.1
227.1
227.2
227.1
227.0
226.9
226.8
226.8
226.9
226.7
226.7
226.5
226.4
226.4
226.4
226.4
226.4
226.4
226.4
226.4
226.3
226.3
226.3
226.4
226.4
226.5
226.4
226.4
226.4
226.3
226.3
226.5
226.4
226.5
226.5
226.5
226.3
226.3
226.3
226.3
226.4
226.4
226.5
226.5
226.3
226.3
226.3
226.3
226.2
226.3
226.3
226.2
226.2
226.2
226.2
226.1
226.1
226.1
226.1
226.2
226.3
226.4
226.5
226.5
226.6
226.6
226.7
226.6
226.6
226.7
226.8
226.9
226.8
226.9
226.9
226.8
227.0
226.8
226.7
226.7
226.8
226.9
226.8
226.6
226.7
226.6
226.5
226.4
226.4
226.3
226.5
226.7
226.6
226.6
226.5
226.4
226.4
226.3
226.4
226.5
226.5
226.4
226.3
226.3
226.1
226.1
226.2
226.2
226.3
226.2
226.1
226.1
226.0
226.0
226.0
226.1
226.1
226.4
226.4
226.2
226.3
226.4
226.7
226.7
226.7
226.8
226.9
226.8
226.8
226.8
226.5
226.6
226.6
226.6
226.6
226.4
226.5
226.4
226.4
226.4
226.4
226.4
226.3
226.5
226.5
226.5
226.4
226.3
226.4
226.4
226.7
226.7
226.6
226.6
226.6
226.7
226.7
226.6
226.6
226.6
226.6
226.4
226.4
226.2
226.2
226.2
226.1
226.1
226.1
226.0
226.0
225.9
225.8
225.8
225.7
225.5
225.3
225.1
